device_id,date,time,temperature,RH,PM2.5,lat,lon
B827EBCBB4B4,2022-02-23,00:00:07,21.33,56.09,0.0,0.0,0.0
B827EBAF88E3,2022-02-23,00:00:09,27.07,43.67,0.0,0.0,0.0
B827EB37A814,2022-02-23,00:00:10,23.84,50.44,0.0,0.0,0.0
B827EB8F4AD3,2022-02-23,00:01:51,26.47,45.48,0.0,0.0,0.0
B827EBC44A3E,2022-02-23,00:04:21,25.31,49.53,0.0,0.0,0.0
B827EBCBB4B4,2022-02-23,00:05:10,21.34,56.3,0.0,0.0,0.0
B827EBAF88E3,2022-02-23,00:05:11,27.09,43.67,0.0,0.0,0.0
B827EB37A814,2022-02-23,00:05:14,23.83,50.39,0.0,0.0,0.0
B827EB8F4AD3,2022-02-23,00:06:55,26.56,45.4,0.0,0.0,0.0
B827EBC44A3E,2022-02-23,00:09:25,25.32,49.55,0.0,0.0,0.0
B827EBCBB4B4,2022-02-23,00:10:12,21.33,56.19,0.0,0.0,0.0
B827EBAF88E3,2022-02-23,00:10:13,27.1,43.78,0.0,0.0,0.0
B827EB37A814,2022-02-23,00:10:15,23.87,50.32,0.0,0.0,0.0
B827EB8F4AD3,2022-02-23,00:11:56,26.51,45.43,0.0,0.0,0.0
B827EBC44A3E,2022-02-23,00:14:27,25.3,49.55,0.0,0.0,0.0
B827EBAF88E3,2022-02-23,00:15:14,27.14,43.75,0.0,0.0,0.0
B827EBCBB4B4,2022-02-23,00:15:14,21.34,56.3,0.0,0.0,0.0
B827EB37A814,2022-02-23,00:15:17,23.87,50.3,0.0,0.0,0.0
B827EB8F4AD3,2022-02-23,00:16:58,26.54,45.43,0.0,0.0,0.0
B827EBC44A3E,2022-02-23,00:19:28,25.35,49.55,0.0,0.0,0.0
B827EBAF88E3,2022-02-23,00:20:15,27.13,43.68,0.0,0.0,0.0
B827EBCBB4B4,2022-02-23,00:20:15,21.3,56.08,0.0,0.0,0.0
B827EB37A814,2022-02-23,00:20:17,23.84,50.33,0.0,0.0,0.0
B827EB8F4AD3,2022-02-23,00:21:59,26.51,45.58,0.0,0.0,0.0
B827EBC44A3E,2022-02-23,00:24:29,25.34,49.63,0.0,0.0,0.0
B827EBCBB4B4,2022-02-23,00:25:16,21.29,56.16,0.0,0.0,0.0
B827EBAF88E3,2022-02-23,00:25:17,27.14,43.64,0.0,0.0,0.0
B827EB37A814,2022-02-23,00:25:19,23.83,50.4,0.0,0.0,0.0
B827EB8F4AD3,2022-02-23,00:27:01,26.59,45.54,0.0,0.0,0.0
B827EBC44A3E,2022-02-23,00:29:30,25.35,49.62,0.0,0.0,0.0
B827EBCBB4B4,2022-02-23,00:30:17,21.26,56.52,0.0,0.0,0.0
B827EBAF88E3,2022-02-23,00:30:18,27.17,43.69,0.0,0.0,0.0
B827EB37A814,2022-02-23,00:30:20,23.85,50.47,0.0,0.0,0.0
B827EB8F4AD3,2022-02-23,00:32:03,26.56,45.65,0.0,0.0,0.0
B827EBC44A3E,2022-02-23,00:34:32,25.34,49.59,0.0,0.0,0.0
B827EBAF88E3,2022-02-23,00:35:18,27.11,43.87,0.0,0.0,0.0
B827EB37A814,2022-02-23,00:35:21,23.84,50.37,0.0,0.0,0.0
B827EB8F4AD3,2022-02-23,00:37:04,26.56,45.6,0.0,0.0,0.0
B827EBC44A3E,2022-02-23,00:39:33,25.34,49.49,0.0,0.0,0.0
B827EBAF88E3,2022-02-23,00:40:19,27.13,43.73,0.0,0.0,0.0
B827EB37A814,2022-02-23,00:40:22,23.84,50.5,0.0,0.0,0.0
B827EB8F4AD3,2022-02-23,00:42:05,26.49,45.67,0.0,0.0,0.0
B827EBC44A3E,2022-02-23,00:44:35,25.38,49.39,0.0,0.0,0.0
B827EBAF88E3,2022-02-23,00:45:20,27.17,43.6,0.0,0.0,0.0
B827EB37A814,2022-02-23,00:45:23,23.83,50.44,0.0,0.0,0.0
B827EB8F4AD3,2022-02-23,00:47:06,26.51,45.62,0.0,0.0,0.0
B827EBC44A3E,2022-02-23,00:49:36,25.34,49.5,0.0,0.0,0.0
B827EBCBB4B4,2022-02-23,00:50:22,21.27,56.4,0.0,0.0,0.0
B827EB37A814,2022-02-23,00:50:24,23.84,50.45,0.0,0.0,0.0
B827EB8F4AD3,2022-02-23,00:52:08,26.54,45.52,0.0,0.0,0.0
B827EBC44A3E,2022-02-23,00:54:37,25.3,49.69,0.0,0.0,0.0
B827EBAF88E3,2022-02-23,00:55:23,27.21,43.52,0.0,0.0,0.0
B827EBCBB4B4,2022-02-23,00:55:23,21.33,56.2,0.0,0.0,0.0
B827EB37A814,2022-02-23,00:55:26,23.87,50.36,0.0,0.0,0.0
B827EB8F4AD3,2022-02-23,00:57:09,26.56,45.51,0.0,0.0,0.0
B827EBC44A3E,2022-02-23,00:59:38,25.32,49.69,0.0,0.0,0.0
B827EBAF88E3,2022-02-23,01:00:24,27.16,43.75,0.0,0.0,0.0
B827EBCBB4B4,2022-02-23,01:00:24,21.37,56.02,0.0,0.0,0.0
B827EB37A814,2022-02-23,01:00:27,23.91,50.5,0.0,0.0,0.0
B827EB8F4AD3,2022-02-23,01:02:11,26.46,45.8,0.0,0.0,0.0
B827EBC44A3E,2022-02-23,01:04:39,25.34,49.62,0.0,0.0,0.0
B827EBAF88E3,2022-02-23,01:05:27,27.22,43.66,0.0,0.0,0.0
B827EBCBB4B4,2022-02-23,01:05:27,21.4,55.91,0.0,0.0,0.0
B827EB37A814,2022-02-23,01:05:31,23.92,50.29,0.0,0.0,0.0
B827EB8F4AD3,2022-02-23,01:07:14,26.49,45.76,0.0,0.0,0.0
B827EBAF88E3,2022-02-23,01:10:29,27.14,43.8,0.0,0.0,0.0
B827EBCBB4B4,2022-02-23,01:10:29,21.4,56.03,0.0,0.0,0.0
B827EB37A814,2022-02-23,01:10:35,23.88,50.51,0.0,0.0,0.0
B827EB8F4AD3,2022-02-23,01:12:17,26.5,45.75,0.0,0.0,0.0
B827EBAF88E3,2022-02-23,01:15:30,27.27,43.58,0.0,0.0,0.0
B827EBCBB4B4,2022-02-23,01:15:30,21.4,56.35,0.0,0.0,0.0
B827EB37A814,2022-02-23,01:15:36,23.83,50.55,0.0,0.0,0.0
B827EB8F4AD3,2022-02-23,01:17:18,26.44,45.87,0.0,0.0,0.0
B827EBAF88E3,2022-02-23,01:20:31,27.3,43.57,0.0,0.0,0.0
B827EBCBB4B4,2022-02-23,01:20:31,21.38,56.41,0.0,0.0,0.0
B827EB37A814,2022-02-23,01:20:37,23.8,50.55,0.0,0.0,0.0
B827EB8F4AD3,2022-02-23,01:22:19,26.49,45.82,0.0,0.0,0.0
B827EBC44A3E,2022-02-23,01:24:46,25.35,49.65,0.0,0.0,0.0
B827EBCBB4B4,2022-02-23,01:25:33,21.43,56.4,0.0,0.0,0.0
B827EBAF88E3,2022-02-23,01:25:34,27.3,43.6,0.0,0.0,0.0
B827EB37A814,2022-02-23,01:25:38,23.74,50.43,0.0,0.0,0.0
B827EB8F4AD3,2022-02-23,01:27:20,26.54,45.72,0.0,0.0,0.0
B827EBC44A3E,2022-02-23,01:29:47,25.38,49.61,0.0,0.0,0.0
B827EBCBB4B4,2022-02-23,01:30:34,21.45,56.23,0.0,0.0,0.0
B827EBAF88E3,2022-02-23,01:30:35,27.3,43.61,0.0,0.0,0.0
B827EB37A814,2022-02-23,01:30:39,23.71,50.44,0.0,0.0,0.0
B827EB8F4AD3,2022-02-23,01:32:21,26.56,45.73,0.0,0.0,0.0
B827EBC44A3E,2022-02-23,01:34:48,25.37,49.55,0.0,0.0,0.0
B827EBAF88E3,2022-02-23,01:35:36,27.24,43.68,0.0,0.0,0.0
B827EBCBB4B4,2022-02-23,01:35:36,21.48,56.54,0.0,0.0,0.0
B827EB8F4AD3,2022-02-23,01:37:23,26.57,45.71,0.0,0.0,0.0
B827EBC44A3E,2022-02-23,01:39:49,25.35,49.51,0.0,0.0,0.0
B827EBCBB4B4,2022-02-23,01:40:37,21.52,56.26,0.0,0.0,0.0
B827EBAF88E3,2022-02-23,01:40:38,27.24,43.68,0.0,0.0,0.0
B827EB37A814,2022-02-23,01:40:44,23.63,50.59,0.0,0.0,0.0
B827EB8F4AD3,2022-02-23,01:42:24,26.61,45.6,0.0,0.0,0.0
B827EBC44A3E,2022-02-23,01:44:50,25.28,49.59,0.0,0.0,0.0
B827EBCBB4B4,2022-02-23,01:45:38,21.51,56.17,0.0,0.0,0.0
B827EBAF88E3,2022-02-23,01:45:40,27.28,43.57,0.0,0.0,0.0
B827EB37A814,2022-02-23,01:45:46,23.64,50.52,0.0,0.0,0.0
B827EB8F4AD3,2022-02-23,01:47:25,26.57,45.64,0.0,0.0,0.0
B827EBC44A3E,2022-02-23,01:49:51,25.23,49.71,0.0,0.0,0.0
B827EBCBB4B4,2022-02-23,01:50:40,21.58,56.01,0.0,0.0,0.0
B827EBAF88E3,2022-02-23,01:50:41,27.34,43.46,0.0,0.0,0.0
B827EB37A814,2022-02-23,01:50:47,23.63,50.35,0.0,0.0,0.0
B827EB8F4AD3,2022-02-23,01:52:28,26.54,45.77,0.0,0.0,0.0
B827EBC44A3E,2022-02-23,01:54:53,25.18,49.91,0.0,0.0,0.0
B827EBAF88E3,2022-02-23,01:55:42,27.31,43.51,0.0,0.0,0.0
B827EBCBB4B4,2022-02-23,01:55:42,21.52,55.94,0.0,0.0,0.0
B827EB37A814,2022-02-23,01:55:49,23.58,50.33,0.0,0.0,0.0
B827EB8F4AD3,2022-02-23,01:57:29,26.56,45.7,0.0,0.0,0.0
B827EBC44A3E,2022-02-23,01:59:53,25.17,50.07,0.0,0.0,0.0
B827EBAF88E3,2022-02-23,02:00:43,27.3,43.56,0.0,0.0,0.0
B827EBCBB4B4,2022-02-23,02:00:43,21.5,55.84,0.0,0.0,0.0
B827EB37A814,2022-02-23,02:00:50,23.57,50.18,0.0,0.0,0.0
B827EBC44A3E,2022-02-23,02:04:54,25.14,50.26,0.0,0.0,0.0
B827EBCBB4B4,2022-02-23,02:05:48,21.51,55.88,0.0,0.0,0.0
B827EBAF88E3,2022-02-23,02:05:50,27.31,43.66,0.0,0.0,0.0
B827EB37A814,2022-02-23,02:05:54,23.6,50.22,0.0,0.0,0.0
B827EB8F4AD3,2022-02-23,02:07:35,26.54,45.9,0.0,0.0,0.0
B827EBC44A3E,2022-02-23,02:09:55,25.17,50.28,0.0,0.0,0.0
B827EBCBB4B4,2022-02-23,02:10:50,21.54,55.74,0.0,0.0,0.0
B827EBAF88E3,2022-02-23,02:10:52,27.32,43.64,0.0,0.0,0.0
B827EB37A814,2022-02-23,02:10:55,23.54,50.42,0.0,0.0,0.0
B827EB8F4AD3,2022-02-23,02:12:36,26.53,46.03,0.0,0.0,0.0
B827EBC44A3E,2022-02-23,02:14:56,25.17,50.31,0.0,0.0,0.0
B827EBCBB4B4,2022-02-23,02:15:54,21.57,55.62,0.0,0.0,0.0
B827EBAF88E3,2022-02-23,02:15:55,27.32,43.73,0.0,0.0,0.0
B827EB37A814,2022-02-23,02:15:57,23.56,50.96,0.0,0.0,0.0
B827EB8F4AD3,2022-02-23,02:17:36,26.51,46.33,0.0,0.0,0.0
B827EBC44A3E,2022-02-23,02:19:57,25.21,50.27,0.0,0.0,0.0
B827EBCBB4B4,2022-02-23,02:20:54,21.57,56.0,0.0,0.0,0.0
B827EBAF88E3,2022-02-23,02:20:56,27.35,43.63,0.0,0.0,0.0
B827EB37A814,2022-02-23,02:20:58,23.49,52.23,0.0,0.0,0.0
B827EB8F4AD3,2022-02-23,02:22:37,26.61,46.08,0.0,0.0,0.0
B827EBC44A3E,2022-02-23,02:24:58,25.23,50.36,0.0,0.0,0.0
B827EBAF88E3,2022-02-23,02:25:57,27.35,43.56,0.0,0.0,0.0
B827EB37A814,2022-02-23,02:25:58,23.37,52.15,0.0,0.0,0.0
B827EB8F4AD3,2022-02-23,02:27:38,26.56,46.28,0.0,0.0,0.0
B827EBC44A3E,2022-02-23,02:29:59,25.27,50.3,0.0,0.0,0.0
B827EBCBB4B4,2022-02-23,02:30:57,21.55,56.58,0.0,0.0,0.0
B827EBAF88E3,2022-02-23,02:30:58,27.37,43.64,0.0,0.0,0.0
B827EB37A814,2022-02-23,02:30:59,23.37,51.72,0.0,0.0,0.0
B827EB8F4AD3,2022-02-23,02:32:41,26.68,45.79,0.0,0.0,0.0
B827EBC44A3E,2022-02-23,02:35:00,25.32,50.14,0.0,0.0,0.0
B827EBAF88E3,2022-02-23,02:35:59,27.4,43.6,0.0,0.0,0.0
B827EBCBB4B4,2022-02-23,02:35:59,21.61,56.15,0.0,0.0,0.0
B827EB37A814,2022-02-23,02:36:00,23.36,51.61,0.0,0.0,0.0
B827EB8F4AD3,2022-02-23,02:37:43,26.74,45.59,0.0,0.0,0.0
B827EBC44A3E,2022-02-23,02:40:02,25.3,50.0,0.0,0.0,0.0
B827EBCBB4B4,2022-02-23,02:40:59,21.62,55.83,0.0,0.0,0.0
B827EBAF88E3,2022-02-23,02:41:00,27.4,43.52,0.0,0.0,0.0
B827EB37A814,2022-02-23,02:41:01,23.29,51.57,0.0,0.0,0.0
B827EB8F4AD3,2022-02-23,02:42:45,26.77,45.47,0.0,0.0,0.0
B827EBC44A3E,2022-02-23,02:45:04,25.28,49.91,0.0,0.0,0.0
B827EBCBB4B4,2022-02-23,02:46:01,21.61,55.7,0.0,0.0,0.0
B827EBAF88E3,2022-02-23,02:46:02,27.4,43.53,0.0,0.0,0.0
B827EB37A814,2022-02-23,02:46:03,23.26,51.42,0.0,0.0,0.0
B827EB8F4AD3,2022-02-23,02:47:46,26.71,45.57,0.0,0.0,0.0
B827EBC44A3E,2022-02-23,02:50:05,25.23,49.97,0.0,0.0,0.0
B827EBAF88E3,2022-02-23,02:51:03,27.38,43.53,0.0,0.0,0.0
B827EBCBB4B4,2022-02-23,02:51:03,21.62,55.6,0.0,0.0,0.0
B827EB37A814,2022-02-23,02:51:05,23.25,51.31,0.0,0.0,0.0
B827EB8F4AD3,2022-02-23,02:52:48,26.74,45.49,0.0,0.0,0.0
B827EBC44A3E,2022-02-23,02:55:07,25.16,50.11,0.0,0.0,0.0
B827EBCBB4B4,2022-02-23,02:56:04,21.61,55.51,0.0,0.0,0.0
B827EBAF88E3,2022-02-23,02:56:05,27.44,43.47,0.0,0.0,0.0
B827EB37A814,2022-02-23,02:56:06,23.19,51.4,0.0,0.0,0.0
B827EB8F4AD3,2022-02-23,02:57:49,26.84,45.31,0.0,0.0,0.0
B827EBC44A3E,2022-02-23,03:00:08,25.07,50.26,0.0,0.0,0.0
B827EBCBB4B4,2022-02-23,03:01:05,21.64,55.43,0.0,0.0,0.0
B827EBAF88E3,2022-02-23,03:01:07,27.41,43.56,0.0,0.0,0.0
B827EB37A814,2022-02-23,03:01:08,23.18,51.31,0.0,0.0,0.0
B827EB8F4AD3,2022-02-23,03:02:50,26.8,45.3,0.0,0.0,0.0
B827EBC44A3E,2022-02-23,03:05:10,25.03,50.34,0.0,0.0,0.0
B827EBCBB4B4,2022-02-23,03:06:07,21.62,55.27,0.0,0.0,0.0
B827EBAF88E3,2022-02-23,03:06:11,27.45,43.42,0.0,0.0,0.0
B827EB37A814,2022-02-23,03:06:12,23.18,51.31,0.0,0.0,0.0
B827EB8F4AD3,2022-02-23,03:07:52,26.77,45.38,0.0,0.0,0.0
B827EBC44A3E,2022-02-23,03:10:12,24.97,50.57,0.0,0.0,0.0
B827EBCBB4B4,2022-02-23,03:11:09,21.64,55.07,0.0,0.0,0.0
B827EBAF88E3,2022-02-23,03:11:13,27.45,43.42,0.0,0.0,0.0
B827EB37A814,2022-02-23,03:11:14,23.16,51.57,0.0,0.0,0.0
B827EB8F4AD3,2022-02-23,03:12:53,26.75,45.48,0.0,0.0,0.0
B827EBC44A3E,2022-02-23,03:15:13,25.0,50.65,0.0,0.0,0.0
B827EBCBB4B4,2022-02-23,03:16:11,21.65,55.38,0.0,0.0,0.0
B827EBAF88E3,2022-02-23,03:16:14,27.48,43.37,0.0,0.0,0.0
B827EB37A814,2022-02-23,03:16:15,23.16,51.9,0.0,0.0,0.0
B827EB8F4AD3,2022-02-23,03:17:55,26.73,45.5,0.0,0.0,0.0
B827EBC44A3E,2022-02-23,03:20:14,25.0,50.65,0.0,0.0,0.0
B827EBCBB4B4,2022-02-23,03:21:12,21.68,55.4,0.0,0.0,0.0
B827EB37A814,2022-02-23,03:21:16,23.26,51.85,0.0,0.0,0.0
B827EBAF88E3,2022-02-23,03:21:16,27.49,43.37,0.0,0.0,0.0
B827EB8F4AD3,2022-02-23,03:22:55,26.7,45.61,0.0,0.0,0.0
B827EBC44A3E,2022-02-23,03:25:16,25.04,50.67,0.0,0.0,0.0
B827EBCBB4B4,2022-02-23,03:26:14,21.71,55.27,0.0,0.0,0.0
B827EBAF88E3,2022-02-23,03:26:17,27.45,43.38,0.0,0.0,0.0
B827EB37A814,2022-02-23,03:26:18,23.26,51.74,0.0,0.0,0.0
B827EB8F4AD3,2022-02-23,03:27:57,26.68,45.6,0.0,0.0,0.0
B827EBC44A3E,2022-02-23,03:30:17,25.1,50.65,0.0,0.0,0.0
B827EBCBB4B4,2022-02-23,03:31:15,21.71,55.21,0.0,0.0,0.0
B827EBAF88E3,2022-02-23,03:31:18,27.49,43.19,0.0,0.0,0.0
B827EB37A814,2022-02-23,03:31:19,23.4,51.48,0.0,0.0,0.0
B827EB8F4AD3,2022-02-23,03:32:59,26.61,45.82,0.0,0.0,0.0
B827EBCBB4B4,2022-02-23,03:36:16,21.71,55.24,0.0,0.0,0.0
B827EB8F4AD3,2022-02-23,03:38:01,26.51,46.06,0.0,0.0,0.0
B827EBC44A3E,2022-02-23,03:40:20,25.17,50.44,0.0,0.0,0.0
B827EB37A814,2022-02-23,03:41:21,23.42,51.49,0.0,0.0,0.0
B827EBAF88E3,2022-02-23,03:41:21,27.51,43.07,0.0,0.0,0.0
B827EB8F4AD3,2022-02-23,03:43:02,26.51,45.94,0.0,0.0,0.0
B827EBC44A3E,2022-02-23,03:45:20,25.2,50.33,0.0,0.0,0.0
B827EBCBB4B4,2022-02-23,03:46:19,21.78,55.34,0.0,0.0,0.0
B827EB37A814,2022-02-23,03:46:23,23.46,51.4,0.0,0.0,0.0
B827EBAF88E3,2022-02-23,03:46:23,27.49,43.1,0.0,0.0,0.0
B827EB8F4AD3,2022-02-23,03:48:04,26.6,45.76,0.0,0.0,0.0
B827EBC44A3E,2022-02-23,03:50:22,25.2,50.27,0.0,0.0,0.0
B827EB37A814,2022-02-23,03:51:23,23.53,51.27,0.0,0.0,0.0
B827EBAF88E3,2022-02-23,03:51:24,27.52,43.0,0.0,0.0,0.0
B827EB8F4AD3,2022-02-23,03:53:06,26.6,45.78,0.0,0.0,0.0
B827EBCBB4B4,2022-02-23,03:56:22,21.82,55.02,0.0,0.0,0.0
B827EB37A814,2022-02-23,03:56:25,23.54,51.24,0.0,0.0,0.0
B827EBAF88E3,2022-02-23,03:56:25,27.51,43.09,0.0,0.0,0.0
B827EB8F4AD3,2022-02-23,03:58:08,26.56,45.74,0.0,0.0,0.0
B827EBC44A3E,2022-02-23,04:00:24,25.24,50.08,0.0,0.0,0.0
B827EBCBB4B4,2022-02-23,04:01:23,21.85,55.0,0.0,0.0,0.0
B827EB37A814,2022-02-23,04:01:26,23.57,51.12,0.0,0.0,0.0
B827EBAF88E3,2022-02-23,04:01:26,27.56,43.03,0.0,0.0,0.0
B827EB8F4AD3,2022-02-23,04:03:09,26.54,45.78,0.0,0.0,0.0
B827EBC44A3E,2022-02-23,04:05:27,25.21,49.94,0.0,0.0,0.0
B827EBCBB4B4,2022-02-23,04:06:26,21.91,54.73,0.0,0.0,0.0
B827EB37A814,2022-02-23,04:06:28,23.58,51.0,0.0,0.0,0.0
B827EBAF88E3,2022-02-23,04:06:29,27.54,42.91,0.0,0.0,0.0
B827EB8F4AD3,2022-02-23,04:08:13,26.53,45.83,0.0,0.0,0.0
B827EBC44A3E,2022-02-23,04:10:28,25.16,49.97,0.0,0.0,0.0
B827EBCBB4B4,2022-02-23,04:11:27,21.91,54.57,0.0,0.0,0.0
B827EB37A814,2022-02-23,04:11:30,23.61,50.88,0.0,0.0,0.0
B827EBAF88E3,2022-02-23,04:11:30,27.56,42.92,0.0,0.0,0.0
B827EB8F4AD3,2022-02-23,04:13:14,26.57,45.65,0.0,0.0,0.0
B827EBC44A3E,2022-02-23,04:15:30,25.07,50.1,0.0,0.0,0.0
B827EBCBB4B4,2022-02-23,04:16:28,21.86,54.87,0.0,0.0,0.0
B827EB37A814,2022-02-23,04:16:31,23.63,50.94,0.0,0.0,0.0
B827EBAF88E3,2022-02-23,04:16:32,27.49,43.02,0.0,0.0,0.0
B827EB8F4AD3,2022-02-23,04:18:15,26.63,45.57,0.0,0.0,0.0
B827EBCBB4B4,2022-02-23,04:21:29,21.86,54.79,0.0,0.0,0.0
B827EB37A814,2022-02-23,04:21:32,23.63,51.07,0.0,0.0,0.0
B827EBAF88E3,2022-02-23,04:21:33,27.48,42.99,0.0,0.0,0.0
B827EB8F4AD3,2022-02-23,04:23:17,26.63,45.6,0.0,0.0,0.0
B827EBC44A3E,2022-02-23,04:25:34,25.0,50.42,0.0,0.0,0.0
B827EBCBB4B4,2022-02-23,04:26:31,21.78,55.14,0.0,0.0,0.0
B827EB37A814,2022-02-23,04:26:33,23.61,51.18,0.0,0.0,0.0
B827EBAF88E3,2022-02-23,04:26:35,27.54,42.82,0.0,0.0,0.0
B827EB8F4AD3,2022-02-23,04:28:18,26.63,45.51,0.0,0.0,0.0
B827EBC44A3E,2022-02-23,04:30:35,25.03,50.42,0.0,0.0,0.0
B827EBCBB4B4,2022-02-23,04:31:32,21.82,55.14,0.0,0.0,0.0
B827EB37A814,2022-02-23,04:31:35,23.64,51.12,0.0,0.0,0.0
B827EBAF88E3,2022-02-23,04:31:37,27.58,42.85,0.0,0.0,0.0
B827EBC44A3E,2022-02-23,04:35:36,25.09,50.32,0.0,0.0,0.0
B827EBCBB4B4,2022-02-23,04:36:33,21.85,55.07,0.0,0.0,0.0
B827EB37A814,2022-02-23,04:36:36,23.67,50.89,0.0,0.0,0.0
B827EBAF88E3,2022-02-23,04:36:38,27.56,42.78,0.0,0.0,0.0
B827EB8F4AD3,2022-02-23,04:38:21,26.6,45.58,0.0,0.0,0.0
B827EBC44A3E,2022-02-23,04:40:37,25.13,50.35,0.0,0.0,0.0
B827EBCBB4B4,2022-02-23,04:41:36,21.86,55.02,0.0,0.0,0.0
B827EB37A814,2022-02-23,04:41:38,23.67,50.89,0.0,0.0,0.0
B827EBAF88E3,2022-02-23,04:41:40,27.62,42.67,0.0,0.0,0.0
B827EB8F4AD3,2022-02-23,04:43:21,26.56,45.71,0.0,0.0,0.0
B827EBC44A3E,2022-02-23,04:45:39,25.14,50.19,0.0,0.0,0.0
B827EBCBB4B4,2022-02-23,04:46:38,21.85,55.06,0.0,0.0,0.0
B827EB37A814,2022-02-23,04:46:40,23.65,50.96,0.0,0.0,0.0
B827EBAF88E3,2022-02-23,04:46:41,27.55,42.78,0.0,0.0,0.0
B827EB8F4AD3,2022-02-23,04:48:23,26.53,45.74,0.0,0.0,0.0
B827EBC44A3E,2022-02-23,04:50:40,25.17,50.25,0.0,0.0,0.0
B827EBCBB4B4,2022-02-23,04:51:45,21.88,54.92,0.0,0.0,0.0
B827EB37A814,2022-02-23,04:51:46,23.69,50.92,0.0,0.0,0.0
B827EB8F4AD3,2022-02-23,04:53:24,26.57,45.69,0.0,0.0,0.0
B827EBC44A3E,2022-02-23,04:55:43,25.2,50.23,0.0,0.0,0.0
B827EBAF88E3,2022-02-23,04:56:44,27.59,42.81,0.0,0.0,0.0
B827EB37A814,2022-02-23,04:56:47,23.74,50.9,0.0,0.0,0.0
B827EBCBB4B4,2022-02-23,04:56:47,21.89,54.81,0.0,0.0,0.0
B827EB8F4AD3,2022-02-23,04:58:25,26.63,45.55,0.0,0.0,0.0
B827EBC44A3E,2022-02-23,05:00:45,25.21,50.03,0.0,0.0,0.0
B827EBAF88E3,2022-02-23,05:01:45,27.54,42.97,0.0,0.0,0.0
B827EB37A814,2022-02-23,05:01:48,23.65,51.01,0.0,0.0,0.0
B827EBCBB4B4,2022-02-23,05:01:48,21.91,54.9,0.0,0.0,0.0
B827EB8F4AD3,2022-02-23,05:03:26,26.56,45.64,0.0,0.0,0.0
B827EBC44A3E,2022-02-23,05:05:49,25.23,49.94,0.0,0.0,0.0
B827EBAF88E3,2022-02-23,05:06:50,27.52,43.02,0.0,0.0,0.0
B827EB37A814,2022-02-23,05:06:52,23.73,50.87,0.0,0.0,0.0
B827EBCBB4B4,2022-02-23,05:06:52,21.89,55.04,0.0,0.0,0.0
B827EB8F4AD3,2022-02-23,05:08:27,26.56,45.64,0.0,0.0,0.0
B827EBC44A3E,2022-02-23,05:10:50,25.23,49.91,0.0,0.0,0.0
B827EBAF88E3,2022-02-23,05:11:51,27.54,43.0,0.0,0.0,0.0
B827EBCBB4B4,2022-02-23,05:11:52,21.91,54.97,0.0,0.0,0.0
B827EB37A814,2022-02-23,05:11:53,23.71,50.94,0.0,0.0,0.0
B827EB8F4AD3,2022-02-23,05:13:28,26.61,45.51,0.0,0.0,0.0
B827EBC44A3E,2022-02-23,05:15:52,25.18,49.94,0.0,0.0,0.0
B827EBAF88E3,2022-02-23,05:16:52,27.54,43.05,0.0,0.0,0.0
B827EB37A814,2022-02-23,05:16:54,23.69,51.03,0.0,0.0,0.0
B827EB8F4AD3,2022-02-23,05:18:29,26.68,45.43,0.0,0.0,0.0
B827EBC44A3E,2022-02-23,05:20:53,25.2,49.94,0.0,0.0,0.0
B827EBAF88E3,2022-02-23,05:21:54,27.56,42.95,0.0,0.0,0.0
B827EB37A814,2022-02-23,05:21:55,23.88,50.92,0.0,0.0,0.0
B827EB8F4AD3,2022-02-23,05:23:30,26.71,45.33,0.0,0.0,0.0
B827EBC44A3E,2022-02-23,05:25:54,25.17,50.02,0.0,0.0,0.0
B827EBAF88E3,2022-02-23,05:26:55,27.58,42.89,0.0,0.0,0.0
B827EBCBB4B4,2022-02-23,05:26:56,21.89,54.97,0.0,0.0,0.0
B827EB8F4AD3,2022-02-23,05:28:33,26.67,45.41,0.0,0.0,0.0
B827EBC44A3E,2022-02-23,05:30:56,25.11,50.16,0.0,0.0,0.0
B827EBAF88E3,2022-02-23,05:31:56,27.52,43.04,0.0,0.0,0.0
B827EB37A814,2022-02-23,05:31:57,24.2,50.29,0.0,0.0,0.0
B827EB8F4AD3,2022-02-23,05:33:34,26.66,45.46,0.0,0.0,0.0
B827EBC44A3E,2022-02-23,05:35:57,25.13,50.17,0.0,0.0,0.0
B827EBAF88E3,2022-02-23,05:36:57,27.59,42.94,0.0,0.0,0.0
B827EBCBB4B4,2022-02-23,05:36:59,21.93,54.97,0.0,0.0,0.0
B827EB8F4AD3,2022-02-23,05:38:35,26.54,45.64,0.0,0.0,0.0
B827EBC44A3E,2022-02-23,05:40:58,25.2,50.07,0.0,0.0,0.0
B827EBAF88E3,2022-02-23,05:41:58,27.58,42.89,0.0,0.0,0.0
B827EBCBB4B4,2022-02-23,05:42:00,21.91,54.91,0.0,0.0,0.0
B827EBC44A3E,2022-02-23,05:45:59,25.2,50.1,0.0,0.0,0.0
B827EBAF88E3,2022-02-23,05:46:59,27.58,42.91,0.0,0.0,0.0
B827EB37A814,2022-02-23,05:47:02,24.44,49.68,0.0,0.0,0.0
B827EBC44A3E,2022-02-23,05:51:00,25.24,50.0,0.0,0.0,0.0
B827EBAF88E3,2022-02-23,05:52:01,27.52,43.08,0.0,0.0,0.0
B827EB37A814,2022-02-23,05:52:04,24.47,49.46,0.0,0.0,0.0
B827EB8F4AD3,2022-02-23,05:53:39,26.5,46.11,0.0,0.0,0.0
B827EBC44A3E,2022-02-23,05:56:02,25.27,50.02,0.0,0.0,0.0
B827EBAF88E3,2022-02-23,05:57:03,27.58,42.99,0.0,0.0,0.0
B827EB37A814,2022-02-23,05:57:06,24.51,49.4,0.0,0.0,0.0
B827EB8F4AD3,2022-02-23,05:58:40,26.51,46.05,0.0,0.0,0.0
B827EBC44A3E,2022-02-23,06:01:03,25.3,49.99,0.0,0.0,0.0
B827EBAF88E3,2022-02-23,06:02:05,27.56,42.98,0.0,0.0,0.0
B827EB37A814,2022-02-23,06:02:07,24.53,49.46,0.0,0.0,0.0
B827EBCBB4B4,2022-02-23,06:02:07,21.92,55.25,0.0,0.0,0.0
B827EB8F4AD3,2022-02-23,06:03:41,26.6,45.82,0.0,0.0,0.0
B827EBC44A3E,2022-02-23,06:06:07,25.25,49.93,0.0,0.0,0.0
B827EBCBB4B4,2022-02-23,06:07:11,21.96,54.99,0.0,0.0,0.0
B827EB8F4AD3,2022-02-23,06:08:44,26.6,45.7,0.0,0.0,0.0
B827EBC44A3E,2022-02-23,06:11:09,25.24,49.94,0.0,0.0,0.0
B827EBAF88E3,2022-02-23,06:12:10,27.61,42.78,0.0,0.0,0.0
B827EB37A814,2022-02-23,06:12:12,24.57,50.22,0.0,0.0,0.0
B827EBCBB4B4,2022-02-23,06:12:12,21.97,54.77,0.0,0.0,0.0
B827EB8F4AD3,2022-02-23,06:13:45,26.64,45.62,0.0,0.0,0.0
B827EBC44A3E,2022-02-23,06:16:11,25.23,49.88,0.0,0.0,0.0
B827EBAF88E3,2022-02-23,06:17:12,27.52,43.02,0.0,0.0,0.0
B827EB37A814,2022-02-23,06:17:13,24.61,50.16,0.0,0.0,0.0
B827EBCBB4B4,2022-02-23,06:17:14,21.99,54.91,0.0,0.0,0.0
B827EB8F4AD3,2022-02-23,06:18:47,26.61,45.67,0.0,0.0,0.0
B827EBC44A3E,2022-02-23,06:21:12,25.18,49.91,0.0,0.0,0.0
B827EBAF88E3,2022-02-23,06:22:13,27.56,42.98,0.0,0.0,0.0
B827EBCBB4B4,2022-02-23,06:22:15,21.97,54.79,0.0,0.0,0.0
B827EB8F4AD3,2022-02-23,06:23:48,26.61,45.68,0.0,0.0,0.0
B827EBC44A3E,2022-02-23,06:26:13,25.11,50.07,0.0,0.0,0.0
B827EBAF88E3,2022-02-23,06:27:15,27.58,43.02,0.0,0.0,0.0
B827EB37A814,2022-02-23,06:27:16,24.64,49.38,0.0,0.0,0.0
B827EBCBB4B4,2022-02-23,06:27:16,21.99,54.72,0.0,0.0,0.0
B827EB8F4AD3,2022-02-23,06:28:49,26.63,45.54,0.0,0.0,0.0
B827EBC44A3E,2022-02-23,06:31:15,25.06,50.21,0.0,0.0,0.0
B827EBAF88E3,2022-02-23,06:32:16,27.54,43.08,0.0,0.0,0.0
B827EB37A814,2022-02-23,06:32:17,24.62,49.27,0.0,0.0,0.0
B827EBCBB4B4,2022-02-23,06:32:18,21.97,54.9,0.0,0.0,0.0
B827EB8F4AD3,2022-02-23,06:33:50,26.56,45.72,0.0,0.0,0.0
B827EBC44A3E,2022-02-23,06:36:16,25.06,50.33,0.0,0.0,0.0
B827EBAF88E3,2022-02-23,06:37:17,27.54,43.04,0.0,0.0,0.0
B827EB37A814,2022-02-23,06:37:19,24.64,49.91,0.0,0.0,0.0
B827EBCBB4B4,2022-02-23,06:37:19,22.0,54.71,0.0,0.0,0.0
B827EB8F4AD3,2022-02-23,06:38:51,26.47,45.95,0.0,0.0,0.0
B827EBC44A3E,2022-02-23,06:41:17,25.09,50.36,0.0,0.0,0.0
B827EBAF88E3,2022-02-23,06:42:19,27.58,43.04,0.0,0.0,0.0
B827EB37A814,2022-02-23,06:42:20,24.65,49.8,0.0,0.0,0.0
B827EBCBB4B4,2022-02-23,06:42:21,21.96,54.81,0.0,0.0,0.0
B827EB8F4AD3,2022-02-23,06:43:52,26.54,46.27,0.0,0.0,0.0
B827EBAF88E3,2022-02-23,06:47:20,27.58,42.99,0.0,0.0,0.0
B827EB37A814,2022-02-23,06:47:21,24.64,49.62,0.0,0.0,0.0
B827EBCBB4B4,2022-02-23,06:47:22,21.97,54.87,0.0,0.0,0.0
B827EB8F4AD3,2022-02-23,06:48:54,26.51,46.01,0.0,0.0,0.0
B827EBC44A3E,2022-02-23,06:51:20,25.14,50.28,0.0,0.0,0.0
B827EBAF88E3,2022-02-23,06:52:21,27.59,43.02,0.0,0.0,0.0
B827EB37A814,2022-02-23,06:52:22,24.64,49.42,0.0,0.0,0.0
B827EBCBB4B4,2022-02-23,06:52:23,21.95,54.93,0.0,0.0,0.0
B827EB8F4AD3,2022-02-23,06:53:55,26.56,45.84,0.0,0.0,0.0
B827EBC44A3E,2022-02-23,06:56:21,25.16,50.33,0.0,0.0,0.0
B827EBAF88E3,2022-02-23,06:57:22,27.59,43.02,0.0,0.0,0.0
B827EB37A814,2022-02-23,06:57:23,24.64,49.43,0.0,0.0,0.0
B827EBCBB4B4,2022-02-23,06:57:24,21.97,54.87,0.0,0.0,0.0
B827EB8F4AD3,2022-02-23,06:58:56,26.61,45.68,0.0,0.0,0.0
B827EBC44A3E,2022-02-23,07:01:23,25.27,50.14,0.0,0.0,0.0
B827EBAF88E3,2022-02-23,07:02:23,27.61,43.09,0.0,0.0,0.0
B827EB37A814,2022-02-23,07:02:24,24.64,49.53,0.0,0.0,0.0
B827EBCBB4B4,2022-02-23,07:02:24,22.02,54.7,0.0,0.0,0.0
B827EB8F4AD3,2022-02-23,07:03:57,26.6,45.69,0.0,0.0,0.0
B827EBC44A3E,2022-02-23,07:06:25,25.25,50.03,0.0,0.0,0.0
B827EBAF88E3,2022-02-23,07:07:25,27.54,43.14,0.0,0.0,0.0
B827EB37A814,2022-02-23,07:07:26,24.61,49.33,0.0,0.0,0.0
B827EBCBB4B4,2022-02-23,07:07:27,22.02,54.73,0.0,0.0,0.0
B827EB8F4AD3,2022-02-23,07:08:58,26.57,45.71,0.0,0.0,0.0
B827EBC44A3E,2022-02-23,07:11:25,25.27,49.93,0.0,0.0,0.0
B827EBAF88E3,2022-02-23,07:12:26,27.59,42.94,0.0,0.0,0.0
B827EB37A814,2022-02-23,07:12:27,24.6,49.4,0.0,0.0,0.0
B827EBCBB4B4,2022-02-23,07:12:28,22.0,54.68,0.0,0.0,0.0
B827EB8F4AD3,2022-02-23,07:13:59,26.59,45.77,0.0,0.0,0.0
B827EBC44A3E,2022-02-23,07:16:27,25.28,49.91,0.0,0.0,0.0
B827EBAF88E3,2022-02-23,07:17:28,27.64,42.83,0.0,0.0,0.0
B827EB37A814,2022-02-23,07:17:29,24.61,49.32,0.0,0.0,0.0
B827EBCBB4B4,2022-02-23,07:17:30,22.02,54.58,0.0,0.0,0.0
B827EB8F4AD3,2022-02-23,07:19:00,26.56,45.76,0.0,0.0,0.0
B827EBC44A3E,2022-02-23,07:21:28,25.27,49.88,0.0,0.0,0.0
B827EBAF88E3,2022-02-23,07:22:29,27.64,42.79,0.0,0.0,0.0
B827EB37A814,2022-02-23,07:22:30,24.62,49.25,0.0,0.0,0.0
B827EBCBB4B4,2022-02-23,07:22:30,22.03,54.55,0.0,0.0,0.0
B827EB8F4AD3,2022-02-23,07:24:02,26.63,45.65,0.0,0.0,0.0
B827EBC44A3E,2022-02-23,07:26:29,25.21,49.84,0.0,0.0,0.0
B827EBAF88E3,2022-02-23,07:27:29,27.61,42.8,0.0,0.0,0.0
B827EB37A814,2022-02-23,07:27:31,24.62,49.25,0.0,0.0,0.0
B827EBCBB4B4,2022-02-23,07:27:32,22.04,54.52,0.0,0.0,0.0
B827EB8F4AD3,2022-02-23,07:29:04,26.64,45.53,0.0,0.0,0.0
B827EBC44A3E,2022-02-23,07:31:31,25.11,49.91,0.0,0.0,0.0
B827EBAF88E3,2022-02-23,07:32:30,27.62,42.75,0.0,0.0,0.0
B827EB37A814,2022-02-23,07:32:33,24.64,49.12,0.0,0.0,0.0
B827EBCBB4B4,2022-02-23,07:32:33,22.03,54.34,0.0,0.0,0.0
B827EB8F4AD3,2022-02-23,07:34:06,26.57,45.62,0.0,0.0,0.0
B827EBC44A3E,2022-02-23,07:36:32,25.09,49.98,0.0,0.0,0.0
B827EBAF88E3,2022-02-23,07:37:33,27.59,42.77,0.0,0.0,0.0
B827EBCBB4B4,2022-02-23,07:37:35,22.03,54.41,0.0,0.0,0.0
B827EB8F4AD3,2022-02-23,07:39:07,26.6,45.44,0.0,0.0,0.0
B827EBC44A3E,2022-02-23,07:41:33,25.03,50.17,0.0,0.0,0.0
B827EBAF88E3,2022-02-23,07:42:34,27.61,42.78,0.0,0.0,0.0
B827EB37A814,2022-02-23,07:42:35,24.65,48.84,0.0,0.0,0.0
B827EBCBB4B4,2022-02-23,07:42:35,22.0,54.44,0.0,0.0,0.0
B827EB8F4AD3,2022-02-23,07:44:08,26.56,45.52,0.0,0.0,0.0
B827EBC44A3E,2022-02-23,07:46:35,25.07,50.22,0.0,0.0,0.0
B827EBAF88E3,2022-02-23,07:47:35,27.66,42.57,0.0,0.0,0.0
B827EBCBB4B4,2022-02-23,07:47:37,22.03,54.41,0.0,0.0,0.0
B827EBC44A3E,2022-02-23,07:51:36,25.09,50.23,0.0,0.0,0.0
B827EBAF88E3,2022-02-23,07:52:36,27.68,42.6,0.0,0.0,0.0
B827EB37A814,2022-02-23,07:52:38,24.65,48.88,0.0,0.0,0.0
B827EBCBB4B4,2022-02-23,07:52:38,22.02,54.39,0.0,0.0,0.0
B827EB8F4AD3,2022-02-23,07:54:11,26.53,45.76,0.0,0.0,0.0
B827EBC44A3E,2022-02-23,07:56:37,25.11,50.2,0.0,0.0,0.0
B827EBAF88E3,2022-02-23,07:57:37,27.68,42.56,0.0,0.0,0.0
B827EB37A814,2022-02-23,07:57:39,24.65,49.01,0.0,0.0,0.0
B827EBCBB4B4,2022-02-23,07:57:39,21.99,54.35,0.0,0.0,0.0
B827EB8F4AD3,2022-02-23,07:59:13,26.59,45.63,0.0,0.0,0.0
B827EBC44A3E,2022-02-23,08:01:38,25.18,50.14,0.0,0.0,0.0
B827EBAF88E3,2022-02-23,08:02:38,27.64,42.62,0.0,0.0,0.0
B827EB37A814,2022-02-23,08:02:40,24.7,48.81,0.0,0.0,0.0
B827EBCBB4B4,2022-02-23,08:02:41,21.97,54.63,0.0,0.0,0.0
B827EB8F4AD3,2022-02-23,08:04:14,26.59,45.49,0.0,0.0,0.0
B827EBC44A3E,2022-02-23,08:06:41,25.17,50.06,0.0,0.0,0.0
B827EBAF88E3,2022-02-23,08:07:40,27.65,42.53,0.0,0.0,0.0
B827EB37A814,2022-02-23,08:07:41,24.65,48.86,0.0,0.0,0.0
B827EBCBB4B4,2022-02-23,08:07:42,21.93,54.71,0.0,0.0,0.0
B827EB8F4AD3,2022-02-23,08:09:16,26.63,45.4,0.0,0.0,0.0
B827EBAF88E3,2022-02-23,08:12:41,27.66,42.52,0.0,0.0,0.0
B827EB37A814,2022-02-23,08:12:43,24.67,49.04,0.0,0.0,0.0
B827EBCBB4B4,2022-02-23,08:12:44,21.93,54.68,0.0,0.0,0.0
B827EB8F4AD3,2022-02-23,08:14:17,26.61,45.33,0.0,0.0,0.0
B827EBC44A3E,2022-02-23,08:16:44,25.23,49.86,0.0,0.0,0.0
B827EBAF88E3,2022-02-23,08:17:43,27.66,42.44,0.0,0.0,0.0
B827EB37A814,2022-02-23,08:17:44,24.68,48.97,0.0,0.0,0.0
B827EBCBB4B4,2022-02-23,08:17:46,21.96,54.48,0.0,0.0,0.0
B827EB8F4AD3,2022-02-23,08:19:18,26.61,45.34,0.0,0.0,0.0
B827EBC44A3E,2022-02-23,08:21:46,25.18,49.85,0.0,0.0,0.0
B827EBAF88E3,2022-02-23,08:22:43,27.68,42.43,0.0,0.0,0.0
B827EB37A814,2022-02-23,08:22:45,24.7,48.78,0.0,0.0,0.0
B827EBCBB4B4,2022-02-23,08:22:47,21.99,54.52,0.0,0.0,0.0
B827EB8F4AD3,2022-02-23,08:24:20,26.6,45.31,0.0,0.0,0.0
B827EBC44A3E,2022-02-23,08:26:48,25.2,49.81,0.0,0.0,0.0
B827EBAF88E3,2022-02-23,08:27:46,27.65,42.41,0.0,0.0,0.0
B827EB37A814,2022-02-23,08:27:47,24.7,48.65,0.0,0.0,0.0
B827EBCBB4B4,2022-02-23,08:27:48,21.96,54.67,0.0,0.0,0.0
B827EB8F4AD3,2022-02-23,08:29:21,26.63,45.34,0.0,0.0,0.0
B827EBC44A3E,2022-02-23,08:31:48,25.18,49.71,0.0,0.0,0.0
B827EBAF88E3,2022-02-23,08:32:47,27.68,42.33,0.0,0.0,0.0
B827EB37A814,2022-02-23,08:32:48,24.72,48.58,0.0,0.0,0.0
B827EBCBB4B4,2022-02-23,08:32:49,21.96,54.43,0.0,0.0,0.0
B827EB8F4AD3,2022-02-23,08:34:23,26.56,45.4,0.0,0.0,0.0
B827EBC44A3E,2022-02-23,08:36:50,25.24,49.71,0.0,0.0,0.0
B827EB37A814,2022-02-23,08:37:49,24.68,48.53,0.0,0.0,0.0
B827EBAF88E3,2022-02-23,08:37:49,27.69,42.21,0.0,0.0,0.0
B827EBCBB4B4,2022-02-23,08:37:51,22.0,54.29,0.0,0.0,0.0
B827EB8F4AD3,2022-02-23,08:39:23,26.6,45.31,0.0,0.0,0.0
B827EBC44A3E,2022-02-23,08:41:51,25.25,49.74,0.0,0.0,0.0
B827EB37A814,2022-02-23,08:42:50,24.7,48.7,0.0,0.0,0.0
B827EBAF88E3,2022-02-23,08:42:50,27.69,42.24,0.0,0.0,0.0
B827EBCBB4B4,2022-02-23,08:42:52,21.97,54.58,0.0,0.0,0.0
B827EB8F4AD3,2022-02-23,08:44:24,26.51,45.61,0.0,0.0,0.0
B827EBC44A3E,2022-02-23,08:46:52,25.3,49.66,0.0,0.0,0.0
B827EBAF88E3,2022-02-23,08:47:51,27.65,42.36,0.0,0.0,0.0
B827EB37A814,2022-02-23,08:47:52,24.71,48.73,0.0,0.0,0.0
B827EB8F4AD3,2022-02-23,08:49:26,26.57,45.38,0.0,0.0,0.0
B827EBAF88E3,2022-02-23,08:52:52,27.64,42.45,0.0,0.0,0.0
B827EB37A814,2022-02-23,08:52:53,24.68,48.63,0.0,0.0,0.0
B827EBCBB4B4,2022-02-23,08:52:54,22.0,54.35,0.0,0.0,0.0
B827EB8F4AD3,2022-02-23,08:54:27,26.59,45.25,0.0,0.0,0.0
B827EBAF88E3,2022-02-23,08:57:53,27.64,42.42,0.0,0.0,0.0
B827EB37A814,2022-02-23,08:57:54,24.65,48.57,0.0,0.0,0.0
B827EBCBB4B4,2022-02-23,08:57:56,21.97,54.39,0.0,0.0,0.0
B827EB8F4AD3,2022-02-23,08:59:28,26.61,45.21,0.0,0.0,0.0
B827EBAF88E3,2022-02-23,09:02:54,27.65,42.4,0.0,0.0,0.0
B827EB37A814,2022-02-23,09:02:56,24.7,48.58,0.0,0.0,0.0
B827EBCBB4B4,2022-02-23,09:02:56,22.0,54.67,0.0,0.0,0.0
B827EB8F4AD3,2022-02-23,09:04:29,26.59,45.09,0.0,0.0,0.0
B827EBAF88E3,2022-02-23,09:07:56,27.73,42.21,0.0,0.0,0.0
B827EB37A814,2022-02-23,09:07:57,24.68,48.36,0.0,0.0,0.0
B827EBCBB4B4,2022-02-23,09:07:58,22.02,54.39,0.0,0.0,0.0
B827EB8F4AD3,2022-02-23,09:09:31,26.51,45.22,0.0,0.0,0.0
B827EBC44A3E,2022-02-23,09:11:59,25.2,49.35,0.0,0.0,0.0
B827EBAF88E3,2022-02-23,09:12:57,27.65,42.32,0.0,0.0,0.0
B827EB37A814,2022-02-23,09:12:58,24.7,48.48,0.0,0.0,0.0
B827EBCBB4B4,2022-02-23,09:13:00,22.02,54.28,0.0,0.0,0.0
B827EB8F4AD3,2022-02-23,09:14:32,26.47,45.4,0.0,0.0,0.0
B827EBC44A3E,2022-02-23,09:17:01,25.13,49.58,0.0,0.0,0.0
B827EBAF88E3,2022-02-23,09:17:58,27.65,42.37,0.0,0.0,0.0
B827EB37A814,2022-02-23,09:17:59,24.7,48.49,0.0,0.0,0.0
B827EBCBB4B4,2022-02-23,09:18:01,22.04,54.14,0.0,0.0,0.0
B827EB8F4AD3,2022-02-23,09:19:33,26.46,45.41,0.0,0.0,0.0
B827EBC44A3E,2022-02-23,09:22:02,25.11,49.74,0.0,0.0,0.0
B827EBAF88E3,2022-02-23,09:22:59,27.64,42.35,0.0,0.0,0.0
B827EB37A814,2022-02-23,09:23:00,24.71,48.54,0.0,0.0,0.0
B827EBCBB4B4,2022-02-23,09:23:03,22.06,54.1,0.0,0.0,0.0
B827EB8F4AD3,2022-02-23,09:24:35,26.39,45.64,0.0,0.0,0.0
B827EBC44A3E,2022-02-23,09:27:04,25.1,49.76,0.0,0.0,0.0
B827EBAF88E3,2022-02-23,09:28:00,27.72,42.13,0.0,0.0,0.0
B827EB37A814,2022-02-23,09:28:02,24.72,48.32,0.0,0.0,0.0
B827EBCBB4B4,2022-02-23,09:28:04,22.03,54.04,0.0,0.0,0.0
B827EB8F4AD3,2022-02-23,09:29:36,26.4,45.58,0.0,0.0,0.0
B827EBC44A3E,2022-02-23,09:32:05,25.2,49.61,0.0,0.0,0.0
B827EBAF88E3,2022-02-23,09:33:02,27.69,42.13,0.0,0.0,0.0
B827EB37A814,2022-02-23,09:33:04,24.78,48.45,0.0,0.0,0.0
B827EBCBB4B4,2022-02-23,09:33:05,22.02,54.13,0.0,0.0,0.0
B827EB8F4AD3,2022-02-23,09:34:38,26.47,45.26,0.0,0.0,0.0
B827EBC44A3E,2022-02-23,09:37:06,25.21,49.6,0.0,0.0,0.0
B827EBAF88E3,2022-02-23,09:38:04,27.66,42.19,0.0,0.0,0.0
B827EB37A814,2022-02-23,09:38:05,24.72,48.38,0.0,0.0,0.0
B827EBCBB4B4,2022-02-23,09:38:07,22.04,54.0,0.0,0.0,0.0
B827EB8F4AD3,2022-02-23,09:39:39,26.59,45.09,0.0,0.0,0.0
B827EBC44A3E,2022-02-23,09:42:08,25.24,49.48,0.0,0.0,0.0
B827EBAF88E3,2022-02-23,09:43:05,27.62,42.2,0.0,0.0,0.0
B827EB37A814,2022-02-23,09:43:07,24.74,48.35,0.0,0.0,0.0
B827EBCBB4B4,2022-02-23,09:43:08,22.04,54.07,0.0,0.0,0.0
B827EB8F4AD3,2022-02-23,09:44:41,26.53,45.25,0.0,0.0,0.0
B827EBC44A3E,2022-02-23,09:47:09,25.24,49.47,0.0,0.0,0.0
B827EBAF88E3,2022-02-23,09:48:07,27.55,42.27,0.0,0.0,0.0
B827EBCBB4B4,2022-02-23,09:48:09,22.02,54.11,0.0,0.0,0.0
B827EB8F4AD3,2022-02-23,09:49:42,26.56,45.15,0.0,0.0,0.0
B827EBC44A3E,2022-02-23,09:52:10,25.27,49.38,0.0,0.0,0.0
B827EBAF88E3,2022-02-23,09:53:08,27.59,42.13,0.0,0.0,0.0
B827EBCBB4B4,2022-02-23,09:53:11,21.99,54.17,0.0,0.0,0.0
B827EB8F4AD3,2022-02-23,09:54:43,26.51,45.14,0.0,0.0,0.0
B827EBC44A3E,2022-02-23,09:57:11,25.28,49.28,0.0,0.0,0.0
B827EBAF88E3,2022-02-23,09:58:09,27.56,42.09,0.0,0.0,0.0
B827EB37A814,2022-02-23,09:58:11,24.74,48.29,0.0,0.0,0.0
B827EBCBB4B4,2022-02-23,09:58:13,22.04,53.97,0.0,0.0,0.0
B827EB8F4AD3,2022-02-23,09:59:44,26.6,44.93,0.0,0.0,0.0
B827EBC44A3E,2022-02-23,10:02:12,25.27,49.12,0.0,0.0,0.0
B827EBAF88E3,2022-02-23,10:03:10,27.52,42.11,0.0,0.0,0.0
B827EBCBB4B4,2022-02-23,10:03:13,22.04,53.88,0.0,0.0,0.0
B827EB8F4AD3,2022-02-23,10:04:45,26.66,44.74,0.0,0.0,0.0
B827EBC44A3E,2022-02-23,10:07:14,25.24,49.07,0.0,0.0,0.0
B827EBAF88E3,2022-02-23,10:08:12,27.51,42.14,0.0,0.0,0.0
B827EB37A814,2022-02-23,10:08:15,24.72,48.06,0.0,0.0,0.0
B827EB8F4AD3,2022-02-23,10:09:48,26.66,44.72,0.0,0.0,0.0
B827EBAF88E3,2022-02-23,10:13:13,27.58,42.01,0.0,0.0,0.0
B827EB37A814,2022-02-23,10:13:16,24.75,48.34,0.0,0.0,0.0
B827EB8F4AD3,2022-02-23,10:14:49,26.6,44.8,0.0,0.0,0.0
B827EBAF88E3,2022-02-23,10:18:14,27.61,41.89,0.0,0.0,0.0
B827EBCBB4B4,2022-02-23,10:18:19,22.03,54.22,1.0,0.0,0.0
B827EB8F4AD3,2022-02-23,10:19:50,26.54,44.89,0.0,0.0,0.0
B827EBC44A3E,2022-02-23,10:22:19,25.02,49.26,0.0,0.0,0.0
B827EBAF88E3,2022-02-23,10:23:15,27.56,41.89,0.0,0.0,0.0
B827EB37A814,2022-02-23,10:23:18,24.74,48.42,6.0,0.0,0.0
B827EBCBB4B4,2022-02-23,10:23:19,22.03,54.24,2.0,0.0,0.0
B827EB8F4AD3,2022-02-23,10:24:52,26.57,44.83,0.0,0.0,0.0
B827EBAF88E3,2022-02-23,10:28:17,27.58,41.9,0.0,0.0,0.0
B827EB37A814,2022-02-23,10:28:19,24.75,48.3,4.0,0.0,0.0
B827EBCBB4B4,2022-02-23,10:28:21,21.93,54.64,3.0,0.0,0.0
B827EB8F4AD3,2022-02-23,10:29:53,26.66,44.6,0.0,0.0,0.0
B827EBC44A3E,2022-02-23,10:32:21,24.99,49.49,0.0,0.0,0.0
B827EBAF88E3,2022-02-23,10:33:17,27.54,41.94,0.0,0.0,0.0
B827EB37A814,2022-02-23,10:33:21,24.77,48.36,6.0,0.0,0.0
B827EBCBB4B4,2022-02-23,10:33:22,21.91,54.52,2.0,0.0,0.0
B827EB8F4AD3,2022-02-23,10:34:54,26.57,44.7,0.0,0.0,0.0
B827EBC44A3E,2022-02-23,10:37:22,24.99,49.51,1.0,0.0,0.0
B827EBAF88E3,2022-02-23,10:38:19,27.56,41.91,0.0,0.0,0.0
B827EB37A814,2022-02-23,10:38:21,24.79,48.31,6.0,0.0,0.0
B827EBCBB4B4,2022-02-23,10:38:24,21.83,54.83,4.0,0.0,0.0
B827EB8F4AD3,2022-02-23,10:39:55,26.56,44.77,0.0,0.0,0.0
B827EBC44A3E,2022-02-23,10:42:23,25.04,49.47,0.0,0.0,0.0
B827EBAF88E3,2022-02-23,10:43:20,27.52,41.91,0.0,0.0,0.0
B827EB37A814,2022-02-23,10:43:23,24.78,48.25,4.0,0.0,0.0
B827EBCBB4B4,2022-02-23,10:43:25,21.82,54.81,3.0,0.0,0.0
B827EB8F4AD3,2022-02-23,10:44:56,26.31,45.37,1.0,0.0,0.0
B827EBC44A3E,2022-02-23,10:47:25,25.1,49.37,0.0,0.0,0.0
B827EBAF88E3,2022-02-23,10:48:21,27.45,41.97,0.0,0.0,0.0
B827EB37A814,2022-02-23,10:48:24,24.78,48.23,6.0,0.0,0.0
B827EBCBB4B4,2022-02-23,10:48:27,21.82,54.97,4.0,0.0,0.0
B827EB8F4AD3,2022-02-23,10:49:57,26.46,44.98,1.0,0.0,0.0
B827EBC44A3E,2022-02-23,10:52:26,25.13,49.35,0.0,0.0,0.0
B827EBAF88E3,2022-02-23,10:53:21,27.44,42.07,0.0,0.0,0.0
B827EB37A814,2022-02-23,10:53:26,24.77,48.5,4.0,0.0,0.0
B827EB8F4AD3,2022-02-23,10:54:58,26.5,44.93,0.0,0.0,0.0
B827EBC44A3E,2022-02-23,10:57:27,25.14,49.36,0.0,0.0,0.0
B827EBAF88E3,2022-02-23,10:58:23,27.41,42.09,0.0,0.0,0.0
B827EB37A814,2022-02-23,10:58:27,24.79,48.39,4.0,0.0,0.0
B827EBCBB4B4,2022-02-23,10:58:29,21.72,55.36,5.0,0.0,0.0
B827EB8F4AD3,2022-02-23,10:59:59,26.53,45.01,0.0,0.0,0.0
B827EBC44A3E,2022-02-23,11:02:28,25.17,49.45,0.0,0.0,0.0
B827EBAF88E3,2022-02-23,11:03:24,27.47,41.96,0.0,0.0,0.0
B827EB37A814,2022-02-23,11:03:28,24.82,48.42,4.0,0.0,0.0
B827EBCBB4B4,2022-02-23,11:03:30,21.65,55.52,2.0,0.0,0.0
B827EB8F4AD3,2022-02-23,11:05:00,26.6,44.89,0.0,0.0,0.0
B827EBC44A3E,2022-02-23,11:07:29,25.32,49.23,0.0,0.0,0.0
B827EBAF88E3,2022-02-23,11:08:25,27.43,41.97,0.0,0.0,0.0
B827EB37A814,2022-02-23,11:08:29,24.85,48.3,3.0,0.0,0.0
B827EBCBB4B4,2022-02-23,11:08:31,21.67,55.28,4.0,0.0,0.0
B827EB8F4AD3,2022-02-23,11:10:02,26.63,44.81,0.0,0.0,0.0
B827EBC44A3E,2022-02-23,11:12:31,25.45,48.94,0.0,0.0,0.0
B827EBAF88E3,2022-02-23,11:13:26,27.45,41.88,0.0,0.0,0.0
B827EB37A814,2022-02-23,11:13:30,24.89,48.11,4.0,0.0,0.0
B827EBCBB4B4,2022-02-23,11:13:33,21.76,55.2,2.0,0.0,0.0
B827EB8F4AD3,2022-02-23,11:15:03,26.63,44.78,0.0,0.0,0.0
B827EBC44A3E,2022-02-23,11:17:32,25.52,48.71,0.0,0.0,0.0
B827EBAF88E3,2022-02-23,11:18:27,27.41,42.02,0.0,0.0,0.0
B827EB37A814,2022-02-23,11:18:32,24.89,47.77,3.0,0.0,0.0
B827EBCBB4B4,2022-02-23,11:18:35,21.79,54.97,1.0,0.0,0.0
B827EB8F4AD3,2022-02-23,11:20:05,26.61,44.74,0.0,0.0,0.0
B827EBC44A3E,2022-02-23,11:22:33,25.64,48.53,0.0,0.0,0.0
B827EB37A814,2022-02-23,11:23:33,24.88,47.9,3.0,0.0,0.0
B827EBCBB4B4,2022-02-23,11:23:37,21.91,54.73,2.0,0.0,0.0
B827EB8F4AD3,2022-02-23,11:25:06,26.63,44.68,0.0,0.0,0.0
B827EBC44A3E,2022-02-23,11:27:34,25.65,48.34,0.0,0.0,0.0
B827EBAF88E3,2022-02-23,11:28:29,27.37,42.02,0.0,0.0,0.0
B827EB37A814,2022-02-23,11:28:34,24.89,47.83,3.0,0.0,0.0
B827EBCBB4B4,2022-02-23,11:28:38,21.92,54.51,1.0,0.0,0.0
B827EB8F4AD3,2022-02-23,11:30:07,26.6,44.63,0.0,0.0,0.0
B827EBC44A3E,2022-02-23,11:32:36,25.65,48.2,0.0,0.0,0.0
B827EBAF88E3,2022-02-23,11:33:30,27.32,42.04,0.0,0.0,0.0
B827EB37A814,2022-02-23,11:33:35,24.88,47.67,2.0,0.0,0.0
B827EBCBB4B4,2022-02-23,11:33:40,21.96,54.29,1.0,0.0,0.0
B827EB8F4AD3,2022-02-23,11:35:11,26.64,44.57,0.0,0.0,0.0
B827EBC44A3E,2022-02-23,11:37:36,25.64,48.12,0.0,0.0,0.0
B827EBAF88E3,2022-02-23,11:38:31,27.38,41.94,0.0,0.0,0.0
B827EB37A814,2022-02-23,11:38:37,24.85,47.48,2.0,0.0,0.0
B827EBCBB4B4,2022-02-23,11:38:41,22.0,54.27,0.0,0.0,0.0
B827EB8F4AD3,2022-02-23,11:40:12,26.59,44.58,0.0,0.0,0.0
B827EBC44A3E,2022-02-23,11:42:38,25.62,48.03,0.0,0.0,0.0
B827EBAF88E3,2022-02-23,11:43:33,27.35,41.98,0.0,0.0,0.0
B827EB37A814,2022-02-23,11:43:38,24.83,47.73,2.0,0.0,0.0
B827EB8F4AD3,2022-02-23,11:45:14,26.6,44.5,0.0,0.0,0.0
B827EBC44A3E,2022-02-23,11:47:39,25.59,48.06,0.0,0.0,0.0
B827EB37A814,2022-02-23,11:48:39,24.82,47.63,0.0,0.0,0.0
B827EBCBB4B4,2022-02-23,11:48:43,22.03,53.97,0.0,0.0,0.0
B827EB8F4AD3,2022-02-23,11:50:15,26.59,44.47,0.0,0.0,0.0
B827EBC44A3E,2022-02-23,11:52:40,25.61,48.11,0.0,0.0,0.0
B827EBAF88E3,2022-02-23,11:53:36,27.35,41.95,0.0,0.0,0.0
B827EB37A814,2022-02-23,11:53:40,24.82,47.7,2.0,0.0,0.0
B827EBCBB4B4,2022-02-23,11:53:44,22.02,53.94,0.0,0.0,0.0
B827EB8F4AD3,2022-02-23,11:55:16,26.57,44.51,0.0,0.0,0.0
B827EBC44A3E,2022-02-23,11:57:41,25.62,48.11,0.0,0.0,0.0
B827EBAF88E3,2022-02-23,11:58:37,27.3,42.05,0.0,0.0,0.0
B827EB37A814,2022-02-23,11:58:41,24.75,47.73,1.0,0.0,0.0
B827EBCBB4B4,2022-02-23,11:58:45,21.95,54.01,1.0,0.0,0.0
B827EB8F4AD3,2022-02-23,12:00:17,26.59,44.47,0.0,0.0,0.0
B827EBC44A3E,2022-02-23,12:02:42,25.61,48.08,0.0,0.0,0.0
B827EB37A814,2022-02-23,12:03:42,24.72,47.63,1.0,0.0,0.0
B827EBCBB4B4,2022-02-23,12:03:46,21.89,54.37,0.0,0.0,0.0
B827EB8F4AD3,2022-02-23,12:05:21,26.59,44.42,0.0,0.0,0.0
B827EBC44A3E,2022-02-23,12:07:43,25.64,48.03,0.0,0.0,0.0
B827EBAF88E3,2022-02-23,12:08:40,27.28,41.98,0.0,0.0,0.0
B827EB37A814,2022-02-23,12:08:44,24.64,47.58,0.0,0.0,0.0
B827EBCBB4B4,2022-02-23,12:08:48,21.82,54.48,0.0,0.0,0.0
B827EB8F4AD3,2022-02-23,12:10:23,26.6,44.43,0.0,0.0,0.0
B827EBC44A3E,2022-02-23,12:12:45,25.67,47.99,0.0,0.0,0.0
B827EBAF88E3,2022-02-23,12:13:42,27.31,41.89,0.0,0.0,0.0
B827EB37A814,2022-02-23,12:13:45,24.61,47.65,0.0,0.0,0.0
B827EBCBB4B4,2022-02-23,12:13:50,21.8,54.27,0.0,0.0,0.0
B827EB8F4AD3,2022-02-23,12:15:24,26.61,44.39,0.0,0.0,0.0
B827EBC44A3E,2022-02-23,12:17:47,25.69,47.92,0.0,0.0,0.0
B827EBAF88E3,2022-02-23,12:18:43,27.32,41.79,0.0,0.0,0.0
B827EB37A814,2022-02-23,12:18:46,24.58,47.74,0.0,0.0,0.0
B827EBCBB4B4,2022-02-23,12:18:51,21.79,54.33,0.0,0.0,0.0
B827EB8F4AD3,2022-02-23,12:20:25,26.61,44.35,0.0,0.0,0.0
B827EBC44A3E,2022-02-23,12:22:48,25.71,47.86,0.0,0.0,0.0
B827EBAF88E3,2022-02-23,12:23:44,27.28,41.82,0.0,0.0,0.0
B827EB37A814,2022-02-23,12:23:47,24.51,47.66,0.0,0.0,0.0
B827EBCBB4B4,2022-02-23,12:23:52,21.76,54.43,0.0,0.0,0.0
B827EBC44A3E,2022-02-23,12:27:49,25.72,47.77,0.0,0.0,0.0
B827EBAF88E3,2022-02-23,12:28:45,27.24,41.92,0.0,0.0,0.0
B827EB37A814,2022-02-23,12:28:48,24.48,47.82,0.0,0.0,0.0
B827EBCBB4B4,2022-02-23,12:28:54,21.68,54.54,0.0,0.0,0.0
B827EB8F4AD3,2022-02-23,12:30:28,26.64,44.26,0.0,0.0,0.0
B827EBC44A3E,2022-02-23,12:32:50,25.69,47.74,0.0,0.0,0.0
B827EBAF88E3,2022-02-23,12:33:46,27.25,41.96,0.0,0.0,0.0
B827EB37A814,2022-02-23,12:33:49,24.44,47.73,0.0,0.0,0.0
B827EBCBB4B4,2022-02-23,12:33:54,21.65,54.68,0.0,0.0,0.0
B827EBC44A3E,2022-02-23,12:37:53,25.67,47.67,0.0,0.0,0.0
B827EBAF88E3,2022-02-23,12:38:48,27.27,41.83,0.0,0.0,0.0
B827EB37A814,2022-02-23,12:38:50,24.47,47.72,0.0,0.0,0.0
B827EBCBB4B4,2022-02-23,12:38:55,21.64,54.75,0.0,0.0,0.0
B827EB8F4AD3,2022-02-23,12:40:30,26.61,44.15,0.0,0.0,0.0
B827EBC44A3E,2022-02-23,12:42:54,25.67,47.65,0.0,0.0,0.0
B827EBAF88E3,2022-02-23,12:43:49,27.22,41.88,0.0,0.0,0.0
B827EB37A814,2022-02-23,12:43:50,24.4,47.81,0.0,0.0,0.0
B827EBCBB4B4,2022-02-23,12:43:56,21.64,54.73,0.0,0.0,0.0
B827EB8F4AD3,2022-02-23,12:45:31,26.61,44.19,0.0,0.0,0.0
B827EBC44A3E,2022-02-23,12:47:55,25.65,47.68,0.0,0.0,0.0
B827EBAF88E3,2022-02-23,12:48:50,27.2,41.92,0.0,0.0,0.0
B827EB37A814,2022-02-23,12:48:52,24.39,47.88,0.0,0.0,0.0
B827EBCBB4B4,2022-02-23,12:48:57,21.6,54.75,0.0,0.0,0.0
B827EB8F4AD3,2022-02-23,12:50:32,26.57,44.19,0.0,0.0,0.0
B827EBC44A3E,2022-02-23,12:52:56,25.65,47.73,0.0,0.0,0.0
B827EBAF88E3,2022-02-23,12:53:51,27.24,41.9,0.0,0.0,0.0
B827EB37A814,2022-02-23,12:53:53,24.33,47.85,0.0,0.0,0.0
B827EBCBB4B4,2022-02-23,12:53:58,21.58,54.67,0.0,0.0,0.0
B827EB8F4AD3,2022-02-23,12:55:34,26.6,44.24,0.0,0.0,0.0
B827EBC44A3E,2022-02-23,12:57:57,25.65,47.73,0.0,0.0,0.0
B827EBAF88E3,2022-02-23,12:58:52,27.27,41.85,0.0,0.0,0.0
B827EB37A814,2022-02-23,12:58:54,24.32,47.93,0.0,0.0,0.0
B827EBCBB4B4,2022-02-23,12:58:59,21.6,54.71,0.0,0.0,0.0
B827EB8F4AD3,2022-02-23,13:00:35,26.6,44.22,0.0,0.0,0.0
B827EBAF88E3,2022-02-23,13:03:53,27.18,42.07,0.0,0.0,0.0
B827EB37A814,2022-02-23,13:03:55,24.32,47.93,0.0,0.0,0.0
B827EBCBB4B4,2022-02-23,13:04:00,21.57,54.82,0.0,0.0,0.0
B827EB8F4AD3,2022-02-23,13:05:38,26.59,44.26,0.0,0.0,0.0
B827EBC44A3E,2022-02-23,13:07:59,25.67,47.72,0.0,0.0,0.0
B827EBAF88E3,2022-02-23,13:08:54,27.18,41.98,0.0,0.0,0.0
B827EB37A814,2022-02-23,13:08:56,24.32,47.94,0.0,0.0,0.0
B827EBCBB4B4,2022-02-23,13:09:01,21.54,54.77,0.0,0.0,0.0
B827EB8F4AD3,2022-02-23,13:10:40,26.6,44.22,0.0,0.0,0.0
B827EBC44A3E,2022-02-23,13:13:00,25.65,47.76,0.0,0.0,0.0
B827EBAF88E3,2022-02-23,13:13:55,27.2,42.07,0.0,0.0,0.0
B827EB37A814,2022-02-23,13:13:57,24.24,48.01,0.0,0.0,0.0
B827EBCBB4B4,2022-02-23,13:14:02,21.55,54.79,0.0,0.0,0.0
B827EB8F4AD3,2022-02-23,13:15:42,26.6,44.24,0.0,0.0,0.0
B827EBC44A3E,2022-02-23,13:18:02,25.68,47.71,0.0,0.0,0.0
B827EBAF88E3,2022-02-23,13:18:56,27.2,41.97,0.0,0.0,0.0
B827EB37A814,2022-02-23,13:18:58,24.24,48.1,0.0,0.0,0.0
B827EBCBB4B4,2022-02-23,13:19:04,21.52,54.87,0.0,0.0,0.0
B827EB8F4AD3,2022-02-23,13:20:43,26.61,44.2,0.0,0.0,0.0
B827EBC44A3E,2022-02-23,13:23:03,25.72,47.67,0.0,0.0,0.0
B827EBAF88E3,2022-02-23,13:23:57,27.17,42.08,0.0,0.0,0.0
B827EB37A814,2022-02-23,13:23:58,24.23,48.06,0.0,0.0,0.0
B827EBCBB4B4,2022-02-23,13:24:05,21.52,54.85,0.0,0.0,0.0
B827EBC44A3E,2022-02-23,13:28:05,25.73,47.57,0.0,0.0,0.0
B827EBAF88E3,2022-02-23,13:28:58,27.14,42.07,0.0,0.0,0.0
B827EB37A814,2022-02-23,13:29:00,24.23,48.01,0.0,0.0,0.0
B827EBCBB4B4,2022-02-23,13:29:07,21.54,54.92,0.0,0.0,0.0
B827EB8F4AD3,2022-02-23,13:30:47,26.61,44.12,0.0,0.0,0.0
B827EBC44A3E,2022-02-23,13:33:07,25.71,47.5,0.0,0.0,0.0
B827EBAF88E3,2022-02-23,13:33:59,27.16,42.07,0.0,0.0,0.0
B827EB37A814,2022-02-23,13:34:01,24.23,48.08,0.0,0.0,0.0
B827EBCBB4B4,2022-02-23,13:34:08,21.52,54.82,0.0,0.0,0.0
B827EB8F4AD3,2022-02-23,13:35:48,26.6,44.08,0.0,0.0,0.0
B827EBC44A3E,2022-02-23,13:38:08,25.71,47.47,0.0,0.0,0.0
B827EBAF88E3,2022-02-23,13:39:00,27.21,41.92,0.0,0.0,0.0
B827EBCBB4B4,2022-02-23,13:39:09,21.52,54.75,0.0,0.0,0.0
B827EBC44A3E,2022-02-23,13:43:09,25.68,47.4,0.0,0.0,0.0
B827EBAF88E3,2022-02-23,13:44:02,27.18,41.98,0.0,0.0,0.0
B827EB37A814,2022-02-23,13:44:04,24.23,48.07,0.0,0.0,0.0
B827EBCBB4B4,2022-02-23,13:44:10,21.5,54.77,0.0,0.0,0.0
B827EB8F4AD3,2022-02-23,13:45:51,26.57,44.03,0.0,0.0,0.0
B827EBC44A3E,2022-02-23,13:48:10,25.67,47.43,0.0,0.0,0.0
B827EBAF88E3,2022-02-23,13:49:04,27.17,41.97,0.0,0.0,0.0
B827EB37A814,2022-02-23,13:49:05,24.2,48.05,0.0,0.0,0.0
B827EBCBB4B4,2022-02-23,13:49:11,21.48,54.77,0.0,0.0,0.0
B827EB8F4AD3,2022-02-23,13:50:52,26.56,44.01,0.0,0.0,0.0
B827EBC44A3E,2022-02-23,13:53:11,25.64,47.49,0.0,0.0,0.0
B827EBAF88E3,2022-02-23,13:54:05,27.13,42.05,0.0,0.0,0.0
B827EB37A814,2022-02-23,13:54:06,24.16,48.13,0.0,0.0,0.0
B827EBCBB4B4,2022-02-23,13:54:12,21.47,54.79,0.0,0.0,0.0
B827EB8F4AD3,2022-02-23,13:55:53,26.57,44.05,0.0,0.0,0.0
B827EBC44A3E,2022-02-23,13:58:13,25.64,47.46,0.0,0.0,0.0
B827EB37A814,2022-02-23,13:59:07,24.18,48.08,0.0,0.0,0.0
B827EBAF88E3,2022-02-23,13:59:07,27.17,41.91,0.0,0.0,0.0
B827EBCBB4B4,2022-02-23,13:59:13,21.47,54.88,0.0,0.0,0.0
B827EB8F4AD3,2022-02-23,14:00:54,26.59,44.07,0.0,0.0,0.0
B827EBC44A3E,2022-02-23,14:03:13,25.61,47.52,0.0,0.0,0.0
B827EB37A814,2022-02-23,14:04:08,24.15,48.13,0.0,0.0,0.0
B827EBAF88E3,2022-02-23,14:04:08,27.2,41.83,0.0,0.0,0.0
B827EBCBB4B4,2022-02-23,14:04:15,21.5,54.83,0.0,0.0,0.0
B827EB8F4AD3,2022-02-23,14:05:56,26.56,44.06,0.0,0.0,0.0
B827EBC44A3E,2022-02-23,14:08:16,25.64,47.59,0.0,0.0,0.0
B827EB37A814,2022-02-23,14:09:10,24.16,48.09,0.0,0.0,0.0
B827EBAF88E3,2022-02-23,14:09:10,27.2,41.89,0.0,0.0,0.0
B827EBCBB4B4,2022-02-23,14:09:17,21.43,54.88,0.0,0.0,0.0
B827EBC44A3E,2022-02-23,14:13:17,25.59,47.59,0.0,0.0,0.0
B827EBAF88E3,2022-02-23,14:14:11,27.18,41.97,0.0,0.0,0.0
B827EBCBB4B4,2022-02-23,14:14:18,21.45,54.89,0.0,0.0,0.0
B827EB8F4AD3,2022-02-23,14:15:59,26.59,44.04,0.0,0.0,0.0
B827EBC44A3E,2022-02-23,14:18:18,25.61,47.59,0.0,0.0,0.0
B827EB37A814,2022-02-23,14:19:12,24.15,48.14,0.0,0.0,0.0
B827EBAF88E3,2022-02-23,14:19:12,27.11,41.95,0.0,0.0,0.0
B827EBCBB4B4,2022-02-23,14:19:18,21.43,54.92,0.0,0.0,0.0
B827EB8F4AD3,2022-02-23,14:21:00,26.57,44.03,0.0,0.0,0.0
B827EBC44A3E,2022-02-23,14:23:18,25.64,47.57,0.0,0.0,0.0
B827EB37A814,2022-02-23,14:24:13,24.15,48.12,0.0,0.0,0.0
B827EBAF88E3,2022-02-23,14:24:13,27.2,41.92,0.0,0.0,0.0
B827EBCBB4B4,2022-02-23,14:24:19,21.44,54.98,0.0,0.0,0.0
B827EB8F4AD3,2022-02-23,14:26:02,26.57,44.05,0.0,0.0,0.0
B827EBC44A3E,2022-02-23,14:28:19,25.64,47.57,0.0,0.0,0.0
B827EB37A814,2022-02-23,14:29:14,24.13,48.13,0.0,0.0,0.0
B827EBAF88E3,2022-02-23,14:29:14,27.14,41.99,0.0,0.0,0.0
B827EBCBB4B4,2022-02-23,14:29:20,21.47,54.87,0.0,0.0,0.0
B827EB8F4AD3,2022-02-23,14:31:03,26.57,44.07,0.0,0.0,0.0
B827EBC44A3E,2022-02-23,14:33:20,25.64,47.59,0.0,0.0,0.0
B827EB37A814,2022-02-23,14:34:15,24.12,48.11,0.0,0.0,0.0
B827EBAF88E3,2022-02-23,14:34:15,27.14,41.95,0.0,0.0,0.0
B827EBCBB4B4,2022-02-23,14:34:20,21.51,54.77,0.0,0.0,0.0
B827EB8F4AD3,2022-02-23,14:36:05,26.56,44.05,0.0,0.0,0.0
B827EBC44A3E,2022-02-23,14:38:21,25.64,47.52,0.0,0.0,0.0
B827EB37A814,2022-02-23,14:39:16,24.1,48.16,0.0,0.0,0.0
B827EBAF88E3,2022-02-23,14:39:16,27.14,41.99,0.0,0.0,0.0
B827EBCBB4B4,2022-02-23,14:39:21,21.45,54.84,0.0,0.0,0.0
B827EB8F4AD3,2022-02-23,14:41:06,26.56,43.98,0.0,0.0,0.0
B827EBC44A3E,2022-02-23,14:43:22,25.65,47.45,0.0,0.0,0.0
B827EB37A814,2022-02-23,14:44:17,24.1,48.14,0.0,0.0,0.0
B827EBAF88E3,2022-02-23,14:44:17,27.06,42.11,0.0,0.0,0.0
B827EBCBB4B4,2022-02-23,14:44:22,21.45,54.84,0.0,0.0,0.0
B827EB8F4AD3,2022-02-23,14:46:07,26.59,43.98,0.0,0.0,0.0
B827EBC44A3E,2022-02-23,14:48:23,25.62,47.4,0.0,0.0,0.0
B827EBAF88E3,2022-02-23,14:49:18,27.1,42.02,0.0,0.0,0.0
B827EB37A814,2022-02-23,14:49:19,24.12,48.07,0.0,0.0,0.0
B827EBCBB4B4,2022-02-23,14:49:24,21.45,54.88,0.0,0.0,0.0
B827EB8F4AD3,2022-02-23,14:51:09,26.56,43.91,0.0,0.0,0.0
B827EBC44A3E,2022-02-23,14:53:24,25.62,47.39,0.0,0.0,0.0
B827EB37A814,2022-02-23,14:54:20,24.1,48.14,0.0,0.0,0.0
B827EBAF88E3,2022-02-23,14:54:20,27.13,41.99,0.0,0.0,0.0
B827EBCBB4B4,2022-02-23,14:54:24,21.44,54.87,0.0,0.0,0.0
B827EB8F4AD3,2022-02-23,14:56:10,26.53,43.92,0.0,0.0,0.0
B827EBC44A3E,2022-02-23,14:58:25,25.59,47.34,0.0,0.0,0.0
B827EB37A814,2022-02-23,14:59:21,24.12,48.13,0.0,0.0,0.0
B827EBAF88E3,2022-02-23,14:59:21,27.04,42.07,0.0,0.0,0.0
B827EBCBB4B4,2022-02-23,14:59:26,21.45,54.71,0.0,0.0,0.0
B827EB8F4AD3,2022-02-23,15:01:11,26.56,43.91,0.0,0.0,0.0
B827EBC44A3E,2022-02-23,15:03:26,25.58,47.36,0.0,0.0,0.0
B827EB37A814,2022-02-23,15:04:22,24.09,48.12,0.0,0.0,0.0
B827EBAF88E3,2022-02-23,15:04:22,27.07,42.03,0.0,0.0,0.0
B827EBCBB4B4,2022-02-23,15:04:27,21.41,54.97,0.0,0.0,0.0
B827EB8F4AD3,2022-02-23,15:06:15,26.53,43.92,0.0,0.0,0.0
B827EBC44A3E,2022-02-23,15:08:26,25.58,47.38,0.0,0.0,0.0
B827EBAF88E3,2022-02-23,15:09:23,27.1,42.02,0.0,0.0,0.0
B827EB37A814,2022-02-23,15:09:24,24.09,48.15,0.0,0.0,0.0
B827EBCBB4B4,2022-02-23,15:09:28,21.43,54.83,0.0,0.0,0.0
B827EB8F4AD3,2022-02-23,15:11:16,26.51,44.0,0.0,0.0,0.0
B827EBAF88E3,2022-02-23,15:14:24,27.1,41.97,0.0,0.0,0.0
B827EB37A814,2022-02-23,15:14:26,24.09,48.17,0.0,0.0,0.0
B827EBCBB4B4,2022-02-23,15:14:29,21.44,54.71,0.0,0.0,0.0
B827EB8F4AD3,2022-02-23,15:16:18,26.53,44.0,0.0,0.0,0.0
B827EBC44A3E,2022-02-23,15:18:28,25.58,47.49,0.0,0.0,0.0
B827EBAF88E3,2022-02-23,15:19:25,27.1,42.0,0.0,0.0,0.0
B827EB37A814,2022-02-23,15:19:27,24.08,48.15,0.0,0.0,0.0
B827EBCBB4B4,2022-02-23,15:19:30,21.47,54.61,0.0,0.0,0.0
B827EB8F4AD3,2022-02-23,15:21:19,26.54,43.99,0.0,0.0,0.0
B827EBC44A3E,2022-02-23,15:23:29,25.58,47.49,0.0,0.0,0.0
B827EB37A814,2022-02-23,15:24:27,24.08,48.16,0.0,0.0,0.0
B827EBAF88E3,2022-02-23,15:24:27,27.13,41.93,0.0,0.0,0.0
B827EBCBB4B4,2022-02-23,15:24:31,21.44,54.71,0.0,0.0,0.0
B827EB8F4AD3,2022-02-23,15:26:20,26.51,44.0,0.0,0.0,0.0
B827EBC44A3E,2022-02-23,15:28:30,25.59,47.46,0.0,0.0,0.0
B827EB37A814,2022-02-23,15:29:28,24.03,48.14,0.0,0.0,0.0
B827EBAF88E3,2022-02-23,15:29:28,27.1,41.93,0.0,0.0,0.0
B827EBCBB4B4,2022-02-23,15:29:32,21.44,54.65,0.0,0.0,0.0
B827EB8F4AD3,2022-02-23,15:31:20,26.53,44.02,0.0,0.0,0.0
B827EBC44A3E,2022-02-23,15:33:31,25.59,47.47,0.0,0.0,0.0
B827EBAF88E3,2022-02-23,15:34:28,27.04,42.07,0.0,0.0,0.0
B827EB37A814,2022-02-23,15:34:29,24.06,48.18,0.0,0.0,0.0
B827EBCBB4B4,2022-02-23,15:34:33,21.43,54.69,0.0,0.0,0.0
B827EB8F4AD3,2022-02-23,15:36:21,26.53,44.02,0.0,0.0,0.0
B827EBC44A3E,2022-02-23,15:38:32,25.62,47.46,0.0,0.0,0.0
B827EBAF88E3,2022-02-23,15:39:29,27.06,42.02,0.0,0.0,0.0
B827EB37A814,2022-02-23,15:39:30,24.06,48.15,0.0,0.0,0.0
B827EBCBB4B4,2022-02-23,15:39:34,21.43,54.83,0.0,0.0,0.0
B827EB8F4AD3,2022-02-23,15:41:22,26.51,43.97,0.0,0.0,0.0
B827EBC44A3E,2022-02-23,15:43:33,25.62,47.39,0.0,0.0,0.0
B827EBAF88E3,2022-02-23,15:44:30,27.04,42.08,0.0,0.0,0.0
B827EB37A814,2022-02-23,15:44:31,24.05,48.13,0.0,0.0,0.0
B827EBCBB4B4,2022-02-23,15:44:35,21.37,54.92,0.0,0.0,0.0
B827EB8F4AD3,2022-02-23,15:46:23,26.54,43.93,0.0,0.0,0.0
B827EBC44A3E,2022-02-23,15:48:35,25.62,47.3,0.0,0.0,0.0
B827EBAF88E3,2022-02-23,15:49:32,27.06,42.04,0.0,0.0,0.0
B827EB37A814,2022-02-23,15:49:33,24.03,48.22,0.0,0.0,0.0
B827EBCBB4B4,2022-02-23,15:49:36,21.38,54.81,0.0,0.0,0.0
B827EB8F4AD3,2022-02-23,15:51:24,26.57,43.9,0.0,0.0,0.0
B827EBC44A3E,2022-02-23,15:53:36,25.58,47.35,0.0,0.0,0.0
B827EBAF88E3,2022-02-23,15:54:33,27.02,42.04,0.0,0.0,0.0
B827EB37A814,2022-02-23,15:54:34,24.03,48.2,0.0,0.0,0.0
B827EBCBB4B4,2022-02-23,15:54:38,21.37,54.99,0.0,0.0,0.0
B827EB8F4AD3,2022-02-23,15:56:25,26.53,43.93,0.0,0.0,0.0
B827EBAF88E3,2022-02-23,15:59:34,27.0,42.09,0.0,0.0,0.0
B827EB37A814,2022-02-23,15:59:35,24.02,48.23,0.0,0.0,0.0
B827EBCBB4B4,2022-02-23,15:59:39,21.37,54.99,0.0,0.0,0.0
B827EB8F4AD3,2022-02-23,16:01:26,26.53,43.93,0.0,0.0,0.0
B827EBC44A3E,2022-02-23,16:03:38,25.58,47.37,0.0,0.0,0.0
B827EBAF88E3,2022-02-23,16:04:34,27.07,41.9,0.0,0.0,0.0
B827EB37A814,2022-02-23,16:04:36,24.02,48.17,0.0,0.0,0.0
B827EBCBB4B4,2022-02-23,16:04:40,21.38,54.93,0.0,0.0,0.0
B827EB8F4AD3,2022-02-23,16:06:28,26.54,43.91,0.0,0.0,0.0
B827EBC44A3E,2022-02-23,16:08:41,25.61,47.39,0.0,0.0,0.0
B827EBAF88E3,2022-02-23,16:09:36,27.03,41.99,0.0,0.0,0.0
B827EB37A814,2022-02-23,16:09:38,24.05,48.2,0.0,0.0,0.0
B827EBCBB4B4,2022-02-23,16:09:41,21.38,54.84,0.0,0.0,0.0
B827EB8F4AD3,2022-02-23,16:11:31,26.53,43.97,0.0,0.0,0.0
B827EBC44A3E,2022-02-23,16:13:42,25.61,47.36,0.0,0.0,0.0
B827EBAF88E3,2022-02-23,16:14:37,27.06,41.98,0.0,0.0,0.0
B827EB37A814,2022-02-23,16:14:38,24.05,48.25,0.0,0.0,0.0
B827EBCBB4B4,2022-02-23,16:14:42,21.38,54.97,0.0,0.0,0.0
B827EB8F4AD3,2022-02-23,16:16:33,26.53,43.94,0.0,0.0,0.0
B827EBC44A3E,2022-02-23,16:18:43,25.62,47.41,0.0,0.0,0.0
B827EBAF88E3,2022-02-23,16:19:38,27.07,41.96,0.0,0.0,0.0
B827EB37A814,2022-02-23,16:19:39,24.02,48.2,0.0,0.0,0.0
B827EBCBB4B4,2022-02-23,16:19:43,21.36,54.99,0.0,0.0,0.0
B827EB8F4AD3,2022-02-23,16:21:35,26.54,43.95,0.0,0.0,0.0
B827EBC44A3E,2022-02-23,16:23:44,25.64,47.38,0.0,0.0,0.0
B827EBAF88E3,2022-02-23,16:24:39,27.04,42.02,0.0,0.0,0.0
B827EB37A814,2022-02-23,16:24:40,24.01,48.2,0.0,0.0,0.0
B827EBCBB4B4,2022-02-23,16:24:44,21.43,54.84,0.0,0.0,0.0
B827EBC44A3E,2022-02-23,16:28:45,25.64,47.35,0.0,0.0,0.0
B827EBAF88E3,2022-02-23,16:29:40,27.03,42.06,0.0,0.0,0.0
B827EB37A814,2022-02-23,16:29:41,24.02,48.2,0.0,0.0,0.0
B827EBCBB4B4,2022-02-23,16:29:46,21.41,54.82,0.0,0.0,0.0
B827EB8F4AD3,2022-02-23,16:31:38,26.53,44.04,0.0,0.0,0.0
B827EBC44A3E,2022-02-23,16:33:46,25.64,47.34,0.0,0.0,0.0
B827EBAF88E3,2022-02-23,16:34:41,27.04,42.04,0.0,0.0,0.0
B827EB37A814,2022-02-23,16:34:43,24.02,48.23,0.0,0.0,0.0
B827EBCBB4B4,2022-02-23,16:34:46,21.38,54.82,0.0,0.0,0.0
B827EB8F4AD3,2022-02-23,16:36:39,26.51,44.02,0.0,0.0,0.0
B827EBC44A3E,2022-02-23,16:38:48,25.67,47.29,0.0,0.0,0.0
B827EBAF88E3,2022-02-23,16:39:43,27.0,42.09,0.0,0.0,0.0
B827EB37A814,2022-02-23,16:39:44,23.99,48.2,0.0,0.0,0.0
B827EBCBB4B4,2022-02-23,16:39:47,21.37,54.87,0.0,0.0,0.0
B827EB8F4AD3,2022-02-23,16:41:40,26.51,44.01,0.0,0.0,0.0
B827EBC44A3E,2022-02-23,16:43:48,25.65,47.21,0.0,0.0,0.0
B827EBAF88E3,2022-02-23,16:44:44,27.03,42.09,0.0,0.0,0.0
B827EB37A814,2022-02-23,16:44:46,24.01,48.17,0.0,0.0,0.0
B827EBCBB4B4,2022-02-23,16:44:48,21.36,54.86,0.0,0.0,0.0
B827EB8F4AD3,2022-02-23,16:46:41,26.5,44.0,0.0,0.0,0.0
B827EBC44A3E,2022-02-23,16:48:49,25.64,47.19,0.0,0.0,0.0
B827EBAF88E3,2022-02-23,16:49:45,27.03,42.07,0.0,0.0,0.0
B827EB37A814,2022-02-23,16:49:46,23.98,48.23,0.0,0.0,0.0
B827EBCBB4B4,2022-02-23,16:49:49,21.36,55.06,0.0,0.0,0.0
B827EB8F4AD3,2022-02-23,16:51:42,26.49,43.94,0.0,0.0,0.0
B827EBC44A3E,2022-02-23,16:53:50,25.61,47.25,0.0,0.0,0.0
B827EBAF88E3,2022-02-23,16:54:46,27.03,42.04,0.0,0.0,0.0
B827EB37A814,2022-02-23,16:54:47,23.98,48.23,0.0,0.0,0.0
B827EBCBB4B4,2022-02-23,16:54:50,21.34,55.05,0.0,0.0,0.0
B827EB8F4AD3,2022-02-23,16:56:43,26.51,43.94,0.0,0.0,0.0
B827EBC44A3E,2022-02-23,16:58:51,25.58,47.25,0.0,0.0,0.0
B827EBAF88E3,2022-02-23,16:59:47,26.96,42.15,0.0,0.0,0.0
B827EB37A814,2022-02-23,16:59:48,23.99,48.24,0.0,0.0,0.0
B827EBCBB4B4,2022-02-23,16:59:51,21.32,54.9,0.0,0.0,0.0
B827EB8F4AD3,2022-02-23,17:01:44,26.51,43.92,0.0,0.0,0.0
B827EBC44A3E,2022-02-23,17:03:52,25.54,47.35,0.0,0.0,0.0
B827EBAF88E3,2022-02-23,17:04:48,26.94,42.16,0.0,0.0,0.0
B827EB37A814,2022-02-23,17:04:49,23.98,48.24,0.0,0.0,0.0
B827EBCBB4B4,2022-02-23,17:04:52,21.33,54.86,0.0,0.0,0.0
B827EB8F4AD3,2022-02-23,17:06:49,26.49,43.95,0.0,0.0,0.0
B827EBC44A3E,2022-02-23,17:08:53,25.59,47.29,0.0,0.0,0.0
B827EBAF88E3,2022-02-23,17:09:49,27.0,42.05,0.0,0.0,0.0
B827EB37A814,2022-02-23,17:09:51,23.98,48.25,0.0,0.0,0.0
B827EBCBB4B4,2022-02-23,17:09:54,21.34,55.05,0.0,0.0,0.0
B827EB8F4AD3,2022-02-23,17:11:49,26.49,43.91,0.0,0.0,0.0
B827EBC44A3E,2022-02-23,17:13:54,25.61,47.27,0.0,0.0,0.0
B827EBAF88E3,2022-02-23,17:14:51,27.06,41.97,0.0,0.0,0.0
B827EB37A814,2022-02-23,17:14:52,23.98,48.24,0.0,0.0,0.0
B827EBCBB4B4,2022-02-23,17:14:54,21.36,54.81,0.0,0.0,0.0
B827EB8F4AD3,2022-02-23,17:16:50,26.5,43.95,0.0,0.0,0.0
B827EBC44A3E,2022-02-23,17:18:56,25.61,47.28,0.0,0.0,0.0
B827EBAF88E3,2022-02-23,17:19:52,27.04,41.93,0.0,0.0,0.0
B827EB37A814,2022-02-23,17:19:53,23.98,48.23,0.0,0.0,0.0
B827EBCBB4B4,2022-02-23,17:19:55,21.3,54.92,0.0,0.0,0.0
B827EB8F4AD3,2022-02-23,17:21:51,26.47,43.9,0.0,0.0,0.0
B827EBC44A3E,2022-02-23,17:23:56,25.61,47.31,0.0,0.0,0.0
B827EBAF88E3,2022-02-23,17:24:53,27.03,41.91,0.0,0.0,0.0
B827EB37A814,2022-02-23,17:24:54,23.98,48.24,0.0,0.0,0.0
B827EB8F4AD3,2022-02-23,17:26:52,26.53,43.92,0.0,0.0,0.0
B827EBC44A3E,2022-02-23,17:28:57,25.64,47.28,0.0,0.0,0.0
B827EBAF88E3,2022-02-23,17:29:54,27.03,41.95,0.0,0.0,0.0
B827EB37A814,2022-02-23,17:29:55,23.95,48.26,0.0,0.0,0.0
B827EBCBB4B4,2022-02-23,17:29:57,21.3,54.84,0.0,0.0,0.0
B827EB8F4AD3,2022-02-23,17:31:53,26.5,43.93,0.0,0.0,0.0
B827EBC44A3E,2022-02-23,17:33:58,25.65,47.21,0.0,0.0,0.0
B827EBAF88E3,2022-02-23,17:34:55,27.02,41.99,0.0,0.0,0.0
B827EB37A814,2022-02-23,17:34:56,23.96,48.3,0.0,0.0,0.0
B827EBCBB4B4,2022-02-23,17:34:58,21.33,55.09,0.0,0.0,0.0
B827EB8F4AD3,2022-02-23,17:36:54,26.51,43.89,0.0,0.0,0.0
B827EBC44A3E,2022-02-23,17:38:59,25.64,47.16,0.0,0.0,0.0
B827EBAF88E3,2022-02-23,17:39:55,27.06,41.82,0.0,0.0,0.0
B827EB37A814,2022-02-23,17:39:57,23.96,48.2,0.0,0.0,0.0
B827EBCBB4B4,2022-02-23,17:39:59,21.34,54.88,0.0,0.0,0.0
B827EB8F4AD3,2022-02-23,17:41:55,26.5,43.9,0.0,0.0,0.0
B827EBC44A3E,2022-02-23,17:44:00,25.65,47.11,0.0,0.0,0.0
B827EBAF88E3,2022-02-23,17:44:56,26.97,42.01,0.0,0.0,0.0
B827EB37A814,2022-02-23,17:44:58,23.95,48.27,0.0,0.0,0.0
B827EBCBB4B4,2022-02-23,17:45:01,21.32,54.97,0.0,0.0,0.0
B827EB8F4AD3,2022-02-23,17:46:56,26.53,43.91,0.0,0.0,0.0
B827EBC44A3E,2022-02-23,17:49:02,25.62,47.08,0.0,0.0,0.0
B827EBAF88E3,2022-02-23,17:49:57,27.04,41.95,0.0,0.0,0.0
B827EB37A814,2022-02-23,17:49:59,23.96,48.21,0.0,0.0,0.0
B827EBCBB4B4,2022-02-23,17:50:02,21.33,54.94,0.0,0.0,0.0
B827EB8F4AD3,2022-02-23,17:51:57,26.5,43.83,0.0,0.0,0.0
B827EBC44A3E,2022-02-23,17:54:03,25.62,47.05,0.0,0.0,0.0
B827EBAF88E3,2022-02-23,17:54:58,26.92,42.12,0.0,0.0,0.0
B827EB37A814,2022-02-23,17:55:00,23.96,48.21,0.0,0.0,0.0
B827EBCBB4B4,2022-02-23,17:55:04,21.32,54.95,0.0,0.0,0.0
B827EB8F4AD3,2022-02-23,17:56:58,26.49,43.78,0.0,0.0,0.0
B827EBC44A3E,2022-02-23,17:59:05,25.64,47.04,0.0,0.0,0.0
B827EBAF88E3,2022-02-23,17:59:59,27.02,41.87,0.0,0.0,0.0
B827EB37A814,2022-02-23,18:00:01,23.92,48.19,0.0,0.0,0.0
B827EBCBB4B4,2022-02-23,18:00:05,21.3,55.02,0.0,0.0,0.0
B827EB8F4AD3,2022-02-23,18:01:59,26.51,43.74,0.0,0.0,0.0
B827EBC44A3E,2022-02-23,18:04:06,25.65,47.02,0.0,0.0,0.0
B827EBAF88E3,2022-02-23,18:04:59,26.97,41.89,0.0,0.0,0.0
B827EB37A814,2022-02-23,18:05:04,23.93,48.19,0.0,0.0,0.0
B827EBCBB4B4,2022-02-23,18:05:08,21.3,54.86,0.0,0.0,0.0
B827EB8F4AD3,2022-02-23,18:07:00,26.51,43.67,0.0,0.0,0.0
B827EBC44A3E,2022-02-23,18:09:07,25.61,46.97,0.0,0.0,0.0
B827EBAF88E3,2022-02-23,18:10:00,27.03,41.8,0.0,0.0,0.0
B827EB37A814,2022-02-23,18:10:05,0.0,0.0,0.0,0.0,0.0
B827EBCBB4B4,2022-02-23,18:10:10,21.32,54.97,0.0,0.0,0.0
B827EB8F4AD3,2022-02-23,18:12:02,26.51,43.66,0.0,0.0,0.0
B827EBC44A3E,2022-02-23,18:14:08,25.64,47.0,0.0,0.0,0.0
B827EBAF88E3,2022-02-23,18:15:02,27.03,41.8,0.0,0.0,0.0
B827EB37A814,2022-02-23,18:15:07,23.95,48.25,0.0,0.0,0.0
B827EBCBB4B4,2022-02-23,18:15:11,21.3,54.77,0.0,0.0,0.0
B827EB8F4AD3,2022-02-23,18:17:04,26.51,43.63,0.0,0.0,0.0
B827EBC44A3E,2022-02-23,18:19:09,25.65,46.98,0.0,0.0,0.0
B827EBAF88E3,2022-02-23,18:20:03,26.97,41.87,0.0,0.0,0.0
B827EB37A814,2022-02-23,18:20:08,23.93,48.21,0.0,0.0,0.0
B827EBCBB4B4,2022-02-23,18:20:12,21.3,54.83,0.0,0.0,0.0
B827EB8F4AD3,2022-02-23,18:22:05,26.51,43.69,0.0,0.0,0.0
B827EBC44A3E,2022-02-23,18:24:11,25.64,46.98,0.0,0.0,0.0
B827EBAF88E3,2022-02-23,18:25:05,26.97,41.88,0.0,0.0,0.0
B827EB37A814,2022-02-23,18:25:09,23.92,48.16,0.0,0.0,0.0
B827EBCBB4B4,2022-02-23,18:25:13,21.29,54.9,0.0,0.0,0.0
B827EB8F4AD3,2022-02-23,18:27:06,26.53,43.7,0.0,0.0,0.0
B827EBC44A3E,2022-02-23,18:29:12,25.65,46.92,0.0,0.0,0.0
B827EBAF88E3,2022-02-23,18:30:06,26.97,41.87,0.0,0.0,0.0
B827EB37A814,2022-02-23,18:30:11,23.91,48.17,0.0,0.0,0.0
B827EBCBB4B4,2022-02-23,18:30:14,21.27,54.83,0.0,0.0,0.0
B827EBC44A3E,2022-02-23,18:34:13,25.67,46.87,0.0,0.0,0.0
B827EBAF88E3,2022-02-23,18:35:07,27.0,41.78,0.0,0.0,0.0
B827EB37A814,2022-02-23,18:35:12,23.92,48.17,0.0,0.0,0.0
B827EBCBB4B4,2022-02-23,18:35:15,21.27,54.89,0.0,0.0,0.0
B827EB8F4AD3,2022-02-23,18:37:09,26.51,43.67,0.0,0.0,0.0
B827EBC44A3E,2022-02-23,18:39:14,25.65,46.87,0.0,0.0,0.0
B827EB37A814,2022-02-23,18:40:13,23.92,48.19,0.0,0.0,0.0
B827EBCBB4B4,2022-02-23,18:40:16,21.3,54.86,0.0,0.0,0.0
B827EB8F4AD3,2022-02-23,18:42:10,26.5,43.63,0.0,0.0,0.0
B827EBAF88E3,2022-02-23,18:45:09,26.93,41.9,0.0,0.0,0.0
B827EB37A814,2022-02-23,18:45:15,23.89,48.16,0.0,0.0,0.0
B827EBCBB4B4,2022-02-23,18:45:17,21.24,54.79,0.0,0.0,0.0
B827EB8F4AD3,2022-02-23,18:47:12,26.5,43.59,0.0,0.0,0.0
B827EBC44A3E,2022-02-23,18:49:16,25.67,46.76,0.0,0.0,0.0
B827EBAF88E3,2022-02-23,18:50:11,26.99,41.83,0.0,0.0,0.0
B827EB37A814,2022-02-23,18:50:16,23.89,48.17,0.0,0.0,0.0
B827EBCBB4B4,2022-02-23,18:50:19,21.29,54.9,0.0,0.0,0.0
B827EB8F4AD3,2022-02-23,18:52:12,26.51,43.57,0.0,0.0,0.0
B827EBC44A3E,2022-02-23,18:54:17,25.65,46.81,0.0,0.0,0.0
B827EBAF88E3,2022-02-23,18:55:12,27.02,41.68,0.0,0.0,0.0
B827EB37A814,2022-02-23,18:55:17,23.89,48.18,0.0,0.0,0.0
B827EBCBB4B4,2022-02-23,18:55:20,21.32,54.77,0.0,0.0,0.0
B827EB8F4AD3,2022-02-23,18:57:14,26.51,43.5,0.0,0.0,0.0
B827EBC44A3E,2022-02-23,18:59:18,25.64,46.84,0.0,0.0,0.0
B827EBAF88E3,2022-02-23,19:00:13,26.96,41.79,0.0,0.0,0.0
B827EB37A814,2022-02-23,19:00:18,23.91,48.15,0.0,0.0,0.0
B827EBCBB4B4,2022-02-23,19:00:21,21.26,55.0,0.0,0.0,0.0
B827EBC44A3E,2022-02-23,19:04:19,25.61,46.84,0.0,0.0,0.0
B827EBAF88E3,2022-02-23,19:05:15,26.94,41.76,0.0,0.0,0.0
B827EB37A814,2022-02-23,19:05:22,23.91,48.09,0.0,0.0,0.0
B827EBCBB4B4,2022-02-23,19:05:25,21.29,54.84,0.0,0.0,0.0
B827EB8F4AD3,2022-02-23,19:07:17,26.53,43.6,0.0,0.0,0.0
B827EBC44A3E,2022-02-23,19:09:22,25.64,46.87,0.0,0.0,0.0
B827EBAF88E3,2022-02-23,19:10:16,26.99,41.72,0.0,0.0,0.0
B827EB37A814,2022-02-23,19:10:24,23.91,48.17,0.0,0.0,0.0
B827EBCBB4B4,2022-02-23,19:10:26,21.24,54.93,0.0,0.0,0.0
B827EB8F4AD3,2022-02-23,19:12:18,26.53,43.52,0.0,0.0,0.0
B827EBAF88E3,2022-02-23,19:15:18,26.94,41.76,0.0,0.0,0.0
B827EB37A814,2022-02-23,19:15:25,23.88,48.13,0.0,0.0,0.0
B827EBCBB4B4,2022-02-23,19:15:27,21.24,55.0,0.0,0.0,0.0
B827EB8F4AD3,2022-02-23,19:17:19,26.53,43.56,0.0,0.0,0.0
B827EBC44A3E,2022-02-23,19:19:24,25.67,46.81,0.0,0.0,0.0
B827EBAF88E3,2022-02-23,19:20:19,26.99,41.78,0.0,0.0,0.0
B827EB37A814,2022-02-23,19:20:26,23.88,48.13,0.0,0.0,0.0
B827EBCBB4B4,2022-02-23,19:20:27,21.27,54.75,0.0,0.0,0.0
B827EB8F4AD3,2022-02-23,19:22:20,26.53,43.53,0.0,0.0,0.0
B827EBC44A3E,2022-02-23,19:24:25,25.69,46.75,0.0,0.0,0.0
B827EBAF88E3,2022-02-23,19:25:20,26.89,41.84,0.0,0.0,0.0
B827EB37A814,2022-02-23,19:25:27,23.88,48.19,0.0,0.0,0.0
B827EBCBB4B4,2022-02-23,19:25:28,21.27,54.84,0.0,0.0,0.0
B827EB8F4AD3,2022-02-23,19:27:21,26.53,43.53,0.0,0.0,0.0
B827EBC44A3E,2022-02-23,19:29:25,25.68,46.8,0.0,0.0,0.0
B827EBAF88E3,2022-02-23,19:30:22,26.99,41.7,0.0,0.0,0.0
B827EB37A814,2022-02-23,19:30:28,23.89,48.13,0.0,0.0,0.0
B827EBCBB4B4,2022-02-23,19:30:29,21.26,54.82,0.0,0.0,0.0
B827EB8F4AD3,2022-02-23,19:32:22,26.54,43.48,0.0,0.0,0.0
B827EBC44A3E,2022-02-23,19:34:26,25.68,46.73,0.0,0.0,0.0
B827EBAF88E3,2022-02-23,19:35:22,26.99,41.71,0.0,0.0,0.0
B827EB37A814,2022-02-23,19:35:29,23.88,48.19,0.0,0.0,0.0
B827EBCBB4B4,2022-02-23,19:35:30,21.23,54.87,0.0,0.0,0.0
B827EB8F4AD3,2022-02-23,19:37:23,26.54,43.43,0.0,0.0,0.0
B827EBC44A3E,2022-02-23,19:39:27,25.68,46.66,0.0,0.0,0.0
B827EBAF88E3,2022-02-23,19:40:23,27.0,41.65,0.0,0.0,0.0
B827EB37A814,2022-02-23,19:40:29,23.88,48.17,0.0,0.0,0.0
B827EBCBB4B4,2022-02-23,19:40:33,21.23,55.01,0.0,0.0,0.0
B827EB8F4AD3,2022-02-23,19:42:24,26.53,43.36,0.0,0.0,0.0
B827EBC44A3E,2022-02-23,19:44:28,25.68,46.58,0.0,0.0,0.0
B827EBAF88E3,2022-02-23,19:45:25,27.0,41.62,0.0,0.0,0.0
B827EB37A814,2022-02-23,19:45:30,23.91,48.18,0.0,0.0,0.0
B827EBCBB4B4,2022-02-23,19:45:33,21.29,54.72,0.0,0.0,0.0
B827EB8F4AD3,2022-02-23,19:47:25,26.53,43.27,0.0,0.0,0.0
B827EBC44A3E,2022-02-23,19:49:29,25.65,46.55,0.0,0.0,0.0
B827EBAF88E3,2022-02-23,19:50:26,26.94,41.75,0.0,0.0,0.0
B827EB37A814,2022-02-23,19:50:31,23.88,48.16,0.0,0.0,0.0
B827EBCBB4B4,2022-02-23,19:50:34,21.24,54.82,0.0,0.0,0.0
B827EB8F4AD3,2022-02-23,19:52:26,26.51,43.26,0.0,0.0,0.0
B827EBC44A3E,2022-02-23,19:54:30,25.64,46.62,0.0,0.0,0.0
B827EBAF88E3,2022-02-23,19:55:27,27.0,41.64,0.0,0.0,0.0
B827EB37A814,2022-02-23,19:55:34,23.87,48.22,0.0,0.0,0.0
B827EBCBB4B4,2022-02-23,19:55:36,21.24,54.73,0.0,0.0,0.0
B827EB8F4AD3,2022-02-23,19:57:26,26.54,43.27,0.0,0.0,0.0
B827EBC44A3E,2022-02-23,19:59:30,25.64,46.64,0.0,0.0,0.0
B827EBAF88E3,2022-02-23,20:00:29,26.92,41.8,0.0,0.0,0.0
B827EB37A814,2022-02-23,20:00:35,23.88,48.2,0.0,0.0,0.0
B827EBCBB4B4,2022-02-23,20:00:37,21.24,54.81,0.0,0.0,0.0
B827EB8F4AD3,2022-02-23,20:02:27,26.5,43.35,0.0,0.0,0.0
B827EBC44A3E,2022-02-23,20:04:32,25.62,46.64,0.0,0.0,0.0
B827EBAF88E3,2022-02-23,20:05:33,26.93,41.69,0.0,0.0,0.0
B827EB37A814,2022-02-23,20:05:37,23.87,48.21,0.0,0.0,0.0
B827EBCBB4B4,2022-02-23,20:05:39,21.17,54.98,0.0,0.0,0.0
B827EB8F4AD3,2022-02-23,20:07:30,26.5,43.35,0.0,0.0,0.0
B827EBC44A3E,2022-02-23,20:09:35,25.62,46.64,0.0,0.0,0.0
B827EBAF88E3,2022-02-23,20:10:36,26.92,41.7,0.0,0.0,0.0
B827EB37A814,2022-02-23,20:10:38,23.87,48.14,0.0,0.0,0.0
B827EBCBB4B4,2022-02-23,20:10:40,21.23,54.82,0.0,0.0,0.0
B827EB8F4AD3,2022-02-23,20:12:31,26.5,43.37,0.0,0.0,0.0
B827EBC44A3E,2022-02-23,20:14:35,25.61,46.62,0.0,0.0,0.0
B827EBAF88E3,2022-02-23,20:15:37,26.93,41.68,0.0,0.0,0.0
B827EB37A814,2022-02-23,20:15:40,23.85,48.12,0.0,0.0,0.0
B827EBCBB4B4,2022-02-23,20:15:41,21.21,54.89,0.0,0.0,0.0
B827EB8F4AD3,2022-02-23,20:17:32,26.51,43.43,0.0,0.0,0.0
B827EBC44A3E,2022-02-23,20:19:36,25.62,46.64,0.0,0.0,0.0
B827EBAF88E3,2022-02-23,20:20:38,26.89,41.78,0.0,0.0,0.0
B827EB37A814,2022-02-23,20:20:41,23.87,48.14,0.0,0.0,0.0
B827EBCBB4B4,2022-02-23,20:20:42,21.26,54.92,0.0,0.0,0.0
B827EB8F4AD3,2022-02-23,20:22:34,26.5,43.37,0.0,0.0,0.0
B827EBC44A3E,2022-02-23,20:24:37,25.65,46.68,0.0,0.0,0.0
B827EBAF88E3,2022-02-23,20:25:40,26.9,41.73,0.0,0.0,0.0
B827EB8F4AD3,2022-02-23,20:27:35,26.51,43.31,0.0,0.0,0.0
B827EBC44A3E,2022-02-23,20:29:38,25.64,46.62,0.0,0.0,0.0
B827EBAF88E3,2022-02-23,20:30:41,26.87,41.69,0.0,0.0,0.0
B827EB37A814,2022-02-23,20:30:44,23.84,48.11,0.0,0.0,0.0
B827EBCBB4B4,2022-02-23,20:30:46,21.19,54.96,1.0,0.0,0.0
B827EB8F4AD3,2022-02-23,20:32:36,26.5,43.32,0.0,0.0,0.0
B827EBC44A3E,2022-02-23,20:34:39,25.64,46.68,0.0,0.0,0.0
B827EBAF88E3,2022-02-23,20:35:42,26.97,41.65,0.0,0.0,0.0
B827EB37A814,2022-02-23,20:35:45,23.87,48.09,0.0,0.0,0.0
B827EBCBB4B4,2022-02-23,20:35:47,21.2,54.97,1.0,0.0,0.0
B827EB8F4AD3,2022-02-23,20:37:37,26.5,43.31,0.0,0.0,0.0
B827EBAF88E3,2022-02-23,20:40:43,26.92,41.64,0.0,0.0,0.0
B827EB37A814,2022-02-23,20:40:46,23.87,48.0,0.0,0.0,0.0
B827EB8F4AD3,2022-02-23,20:42:38,26.5,43.2,0.0,0.0,0.0
B827EBAF88E3,2022-02-23,20:45:46,26.94,41.64,0.0,0.0,0.0
B827EBCBB4B4,2022-02-23,20:45:50,21.16,54.93,1.0,0.0,0.0
B827EB8F4AD3,2022-02-23,20:47:39,26.51,43.21,0.0,0.0,0.0
B827EBC44A3E,2022-02-23,20:49:42,25.67,46.47,0.0,0.0,0.0
B827EBAF88E3,2022-02-23,20:50:47,26.9,41.65,0.0,0.0,0.0
B827EB37A814,2022-02-23,20:50:48,23.87,48.14,1.0,0.0,0.0
B827EBCBB4B4,2022-02-23,20:50:50,21.16,54.87,0.0,0.0,0.0
B827EB8F4AD3,2022-02-23,20:52:40,26.5,43.2,0.0,0.0,0.0
B827EBAF88E3,2022-02-23,20:55:48,26.97,41.46,0.0,0.0,0.0
B827EB37A814,2022-02-23,20:55:49,23.84,48.12,2.0,0.0,0.0
B827EBCBB4B4,2022-02-23,20:55:52,21.14,54.99,1.0,0.0,0.0
B827EB8F4AD3,2022-02-23,20:57:41,26.53,43.19,0.0,0.0,0.0
B827EBC44A3E,2022-02-23,20:59:44,25.64,46.49,0.0,0.0,0.0
B827EBAF88E3,2022-02-23,21:00:49,26.92,41.61,0.0,0.0,0.0
B827EB37A814,2022-02-23,21:00:51,23.83,48.15,0.0,0.0,0.0
B827EBCBB4B4,2022-02-23,21:00:53,21.19,54.98,1.0,0.0,0.0
B827EB8F4AD3,2022-02-23,21:02:42,26.53,43.21,0.0,0.0,0.0
B827EBAF88E3,2022-02-23,21:05:52,26.92,41.61,0.0,0.0,0.0
B827EB37A814,2022-02-23,21:05:54,23.85,48.2,1.0,0.0,0.0
B827EB8F4AD3,2022-02-23,21:07:44,26.51,43.18,0.0,0.0,0.0
B827EBAF88E3,2022-02-23,21:10:54,26.9,41.56,0.0,0.0,0.0
B827EB37A814,2022-02-23,21:10:55,23.83,48.18,1.0,0.0,0.0
B827EBCBB4B4,2022-02-23,21:10:57,21.16,54.91,1.0,0.0,0.0
B827EB8F4AD3,2022-02-23,21:12:46,26.51,43.18,0.0,0.0,0.0
B827EBAF88E3,2022-02-23,21:15:55,26.97,41.42,0.0,0.0,0.0
B827EB37A814,2022-02-23,21:15:56,23.83,48.2,1.0,0.0,0.0
B827EBCBB4B4,2022-02-23,21:15:58,21.17,54.92,1.0,0.0,0.0
B827EB8F4AD3,2022-02-23,21:17:48,26.54,43.08,0.0,0.0,0.0
B827EBC44A3E,2022-02-23,21:19:51,25.67,46.44,0.0,0.0,0.0
B827EBAF88E3,2022-02-23,21:20:56,26.89,41.57,0.0,0.0,0.0
B827EB37A814,2022-02-23,21:20:57,23.81,48.2,1.0,0.0,0.0
B827EBCBB4B4,2022-02-23,21:20:59,21.21,54.9,2.0,0.0,0.0
B827EB8F4AD3,2022-02-23,21:22:49,26.51,43.09,0.0,0.0,0.0
B827EBC44A3E,2022-02-23,21:24:53,25.64,46.43,0.0,0.0,0.0
B827EBAF88E3,2022-02-23,21:25:57,26.87,41.55,0.0,0.0,0.0
B827EB37A814,2022-02-23,21:25:59,23.84,48.31,1.0,0.0,0.0
B827EBCBB4B4,2022-02-23,21:26:00,21.21,54.76,1.0,0.0,0.0
B827EB8F4AD3,2022-02-23,21:27:50,26.51,43.05,0.0,0.0,0.0
B827EBC44A3E,2022-02-23,21:29:54,25.64,46.38,0.0,0.0,0.0
B827EBAF88E3,2022-02-23,21:30:58,26.9,41.56,0.0,0.0,0.0
B827EB37A814,2022-02-23,21:30:59,23.78,48.27,0.0,0.0,0.0
B827EBCBB4B4,2022-02-23,21:31:02,21.16,54.91,1.0,0.0,0.0
B827EB8F4AD3,2022-02-23,21:32:51,26.53,43.0,0.0,0.0,0.0
B827EBC44A3E,2022-02-23,21:34:55,25.64,46.35,0.0,0.0,0.0
B827EBAF88E3,2022-02-23,21:35:59,26.96,41.46,0.0,0.0,0.0
B827EB37A814,2022-02-23,21:36:00,23.77,48.25,2.0,0.0,0.0
B827EBCBB4B4,2022-02-23,21:36:04,21.16,54.85,0.0,0.0,0.0
B827EB8F4AD3,2022-02-23,21:37:52,26.53,43.0,0.0,0.0,0.0
B827EBC44A3E,2022-02-23,21:39:56,25.64,46.36,0.0,0.0,0.0
B827EBAF88E3,2022-02-23,21:41:00,26.94,41.38,0.0,0.0,0.0
B827EB37A814,2022-02-23,21:41:02,23.8,48.29,1.0,0.0,0.0
B827EBCBB4B4,2022-02-23,21:41:05,21.17,54.83,2.0,0.0,0.0
B827EB8F4AD3,2022-02-23,21:42:53,26.53,43.01,0.0,0.0,0.0
B827EBC44A3E,2022-02-23,21:44:57,25.59,46.39,0.0,0.0,0.0
B827EBAF88E3,2022-02-23,21:46:01,26.92,41.42,0.0,0.0,0.0
B827EB37A814,2022-02-23,21:46:04,23.8,48.27,2.0,0.0,0.0
B827EBCBB4B4,2022-02-23,21:46:06,21.17,54.96,2.0,0.0,0.0
B827EB8F4AD3,2022-02-23,21:47:54,26.49,43.01,0.0,0.0,0.0
B827EBC44A3E,2022-02-23,21:49:57,25.61,46.4,0.0,0.0,0.0
B827EBAF88E3,2022-02-23,21:51:03,26.87,41.5,0.0,0.0,0.0
B827EB37A814,2022-02-23,21:51:05,23.81,48.26,2.0,0.0,0.0
B827EBCBB4B4,2022-02-23,21:51:07,21.19,54.86,1.0,0.0,0.0
B827EB8F4AD3,2022-02-23,21:52:56,26.5,43.03,0.0,0.0,0.0
B827EBC44A3E,2022-02-23,21:54:58,25.59,46.35,0.0,0.0,0.0
B827EBAF88E3,2022-02-23,21:56:05,26.9,41.45,0.0,0.0,0.0
B827EB37A814,2022-02-23,21:56:06,23.81,48.29,3.0,0.0,0.0
B827EBCBB4B4,2022-02-23,21:56:09,21.21,54.78,2.0,0.0,0.0
B827EB8F4AD3,2022-02-23,21:57:56,26.51,43.02,0.0,0.0,0.0
B827EBC44A3E,2022-02-23,22:00:00,25.61,46.39,0.0,0.0,0.0
B827EBAF88E3,2022-02-23,22:01:06,26.92,41.47,0.0,0.0,0.0
B827EB37A814,2022-02-23,22:01:07,23.78,48.31,1.0,0.0,0.0
B827EBCBB4B4,2022-02-23,22:01:10,21.19,54.81,2.0,0.0,0.0
B827EB8F4AD3,2022-02-23,22:02:57,26.5,43.0,0.0,0.0,0.0
B827EBC44A3E,2022-02-23,22:05:00,25.61,46.36,0.0,0.0,0.0
B827EBAF88E3,2022-02-23,22:06:07,26.86,41.54,0.0,0.0,0.0
B827EB37A814,2022-02-23,22:06:10,23.77,48.33,1.0,0.0,0.0
B827EBCBB4B4,2022-02-23,22:06:13,21.19,55.0,1.0,0.0,0.0
B827EBC44A3E,2022-02-23,22:10:03,25.64,46.29,0.0,0.0,0.0
B827EBAF88E3,2022-02-23,22:11:11,26.87,41.5,0.0,0.0,0.0
B827EB37A814,2022-02-23,22:11:13,23.78,48.33,2.0,0.0,0.0
B827EB8F4AD3,2022-02-23,22:13:00,26.49,42.94,0.0,0.0,0.0
B827EBC44A3E,2022-02-23,22:15:05,25.61,46.26,0.0,0.0,0.0
B827EBAF88E3,2022-02-23,22:16:12,26.92,41.33,0.0,0.0,0.0
B827EB37A814,2022-02-23,22:16:14,23.78,48.33,2.0,0.0,0.0
B827EBCBB4B4,2022-02-23,22:16:16,21.17,54.84,2.0,0.0,0.0
B827EB8F4AD3,2022-02-23,22:18:02,26.5,42.93,0.0,0.0,0.0
B827EBC44A3E,2022-02-23,22:20:06,25.61,46.25,0.0,0.0,0.0
B827EBAF88E3,2022-02-23,22:21:13,26.92,41.38,0.0,0.0,0.0
B827EB37A814,2022-02-23,22:21:15,23.77,48.36,2.0,0.0,0.0
B827EBCBB4B4,2022-02-23,22:21:17,21.14,54.99,2.0,0.0,0.0
B827EB8F4AD3,2022-02-23,22:23:04,26.49,42.94,0.0,0.0,0.0
B827EBC44A3E,2022-02-23,22:25:07,25.61,46.33,0.0,0.0,0.0
B827EBAF88E3,2022-02-23,22:26:15,26.89,41.39,0.0,0.0,0.0
B827EB37A814,2022-02-23,22:26:16,23.78,48.37,3.0,0.0,0.0
B827EBCBB4B4,2022-02-23,22:26:19,21.2,54.82,2.0,0.0,0.0
B827EB8F4AD3,2022-02-23,22:28:05,26.51,42.91,0.0,0.0,0.0
B827EBC44A3E,2022-02-23,22:30:08,25.61,46.33,0.0,0.0,0.0
B827EBAF88E3,2022-02-23,22:31:16,26.86,41.49,0.0,0.0,0.0
B827EB37A814,2022-02-23,22:31:17,23.78,48.34,2.0,0.0,0.0
B827EBCBB4B4,2022-02-23,22:31:19,21.2,54.74,2.0,0.0,0.0
B827EB8F4AD3,2022-02-23,22:33:07,26.5,42.96,0.0,0.0,0.0
B827EBC44A3E,2022-02-23,22:35:09,25.64,46.3,0.0,0.0,0.0
B827EB37A814,2022-02-23,22:36:18,23.77,48.36,1.0,0.0,0.0
B827EBAF88E3,2022-02-23,22:36:18,26.89,41.4,0.0,0.0,0.0
B827EBCBB4B4,2022-02-23,22:36:21,21.19,54.87,2.0,0.0,0.0
B827EB8F4AD3,2022-02-23,22:38:08,26.53,42.94,1.0,0.0,0.0
B827EBC44A3E,2022-02-23,22:40:10,25.62,46.2,0.0,0.0,0.0
B827EBAF88E3,2022-02-23,22:41:19,26.85,41.46,0.0,0.0,0.0
B827EB37A814,2022-02-23,22:41:20,23.77,48.4,3.0,0.0,0.0
B827EBCBB4B4,2022-02-23,22:41:22,21.14,55.0,2.0,0.0,0.0
B827EB8F4AD3,2022-02-23,22:43:08,26.5,42.96,1.0,0.0,0.0
B827EBC44A3E,2022-02-23,22:45:12,25.64,46.15,0.0,0.0,0.0
B827EBAF88E3,2022-02-23,22:46:20,26.83,41.45,0.0,0.0,0.0
B827EB37A814,2022-02-23,22:46:21,23.77,48.39,2.0,0.0,0.0
B827EBCBB4B4,2022-02-23,22:46:23,21.16,54.86,2.0,0.0,0.0
B827EB8F4AD3,2022-02-23,22:48:10,26.54,42.89,0.0,0.0,0.0
B827EBC44A3E,2022-02-23,22:50:13,25.64,46.2,0.0,0.0,0.0
B827EB37A814,2022-02-23,22:51:21,23.77,48.41,2.0,0.0,0.0
B827EBAF88E3,2022-02-23,22:51:21,26.87,41.37,0.0,0.0,0.0
B827EBCBB4B4,2022-02-23,22:51:24,21.17,54.89,2.0,0.0,0.0
B827EB8F4AD3,2022-02-23,22:53:11,26.49,42.89,0.0,0.0,0.0
B827EBC44A3E,2022-02-23,22:55:15,25.61,46.21,0.0,0.0,0.0
B827EBAF88E3,2022-02-23,22:56:22,26.92,41.38,0.0,0.0,0.0
B827EB37A814,2022-02-23,22:56:23,23.75,48.39,3.0,0.0,0.0
B827EBCBB4B4,2022-02-23,22:56:25,21.17,54.88,3.0,0.0,0.0
B827EB8F4AD3,2022-02-23,22:58:13,26.49,42.93,1.0,0.0,0.0
B827EBC44A3E,2022-02-23,23:00:16,25.57,46.23,0.0,0.0,0.0
B827EBAF88E3,2022-02-23,23:01:23,26.87,41.39,0.0,0.0,0.0
B827EB37A814,2022-02-23,23:01:24,23.75,48.36,3.0,0.0,0.0
B827EBCBB4B4,2022-02-23,23:01:26,21.23,54.78,4.0,0.0,0.0
B827EB8F4AD3,2022-02-23,23:03:14,26.49,42.86,0.0,0.0,0.0
B827EBC44A3E,2022-02-23,23:05:18,25.59,46.25,0.0,0.0,0.0
B827EBAF88E3,2022-02-23,23:06:24,26.87,41.37,0.0,0.0,0.0
B827EB37A814,2022-02-23,23:06:26,23.75,48.4,2.0,0.0,0.0
B827EBCBB4B4,2022-02-23,23:06:28,21.17,54.76,3.0,0.0,0.0
B827EB8F4AD3,2022-02-23,23:08:17,26.49,42.86,0.0,0.0,0.0
B827EBC44A3E,2022-02-23,23:10:20,25.57,46.28,0.0,0.0,0.0
B827EBAF88E3,2022-02-23,23:11:25,26.9,41.29,0.0,0.0,0.0
B827EB37A814,2022-02-23,23:11:27,23.75,48.43,2.0,0.0,0.0
B827EBCBB4B4,2022-02-23,23:11:30,21.21,54.64,3.0,0.0,0.0
B827EB8F4AD3,2022-02-23,23:13:17,26.51,42.91,1.0,0.0,0.0
B827EBC44A3E,2022-02-23,23:15:21,25.59,46.28,0.0,0.0,0.0
B827EBAF88E3,2022-02-23,23:16:26,26.81,41.52,0.0,0.0,0.0
B827EB37A814,2022-02-23,23:16:28,23.75,48.45,2.0,0.0,0.0
B827EBCBB4B4,2022-02-23,23:16:31,21.19,54.76,2.0,0.0,0.0
B827EB8F4AD3,2022-02-23,23:18:18,26.51,42.88,0.0,0.0,0.0
B827EBC44A3E,2022-02-23,23:20:22,25.59,46.26,0.0,0.0,0.0
B827EBAF88E3,2022-02-23,23:21:27,26.92,41.31,0.0,0.0,0.0
B827EB37A814,2022-02-23,23:21:29,23.74,48.49,2.0,0.0,0.0
B827EBCBB4B4,2022-02-23,23:21:32,21.19,54.75,3.0,0.0,0.0
B827EB8F4AD3,2022-02-23,23:23:20,26.5,42.85,0.0,0.0,0.0
B827EBC44A3E,2022-02-23,23:25:23,25.57,46.24,0.0,0.0,0.0
B827EBAF88E3,2022-02-23,23:26:28,26.9,41.36,0.0,0.0,0.0
B827EB37A814,2022-02-23,23:26:30,23.74,48.56,3.0,0.0,0.0
B827EBCBB4B4,2022-02-23,23:26:34,21.23,54.66,3.0,0.0,0.0
B827EB8F4AD3,2022-02-23,23:28:21,26.49,42.81,1.0,0.0,0.0
B827EBC44A3E,2022-02-23,23:30:24,25.57,46.25,0.0,0.0,0.0
B827EBAF88E3,2022-02-23,23:31:29,26.87,41.37,0.0,0.0,0.0
B827EB37A814,2022-02-23,23:31:32,23.74,48.55,3.0,0.0,0.0
B827EBCBB4B4,2022-02-23,23:31:35,21.26,54.62,2.0,0.0,0.0
B827EB8F4AD3,2022-02-23,23:33:21,26.49,42.83,1.0,0.0,0.0
B827EBC44A3E,2022-02-23,23:35:26,25.54,46.24,0.0,0.0,0.0
B827EBAF88E3,2022-02-23,23:36:30,26.86,41.41,0.0,0.0,0.0
B827EB37A814,2022-02-23,23:36:33,23.75,48.52,3.0,0.0,0.0
B827EBCBB4B4,2022-02-23,23:36:36,21.21,54.76,3.0,0.0,0.0
B827EBC44A3E,2022-02-23,23:40:26,25.52,46.24,0.0,0.0,0.0
B827EBAF88E3,2022-02-23,23:41:31,26.82,41.46,0.0,0.0,0.0
B827EB37A814,2022-02-23,23:41:34,23.74,48.54,3.0,0.0,0.0
B827EBCBB4B4,2022-02-23,23:41:37,21.27,54.65,4.0,0.0,0.0
B827EB8F4AD3,2022-02-23,23:43:23,26.5,42.79,1.0,0.0,0.0
B827EBC44A3E,2022-02-23,23:45:28,25.54,46.31,0.0,0.0,0.0
B827EBAF88E3,2022-02-23,23:46:34,26.78,41.48,0.0,0.0,0.0
B827EB37A814,2022-02-23,23:46:35,23.74,48.54,4.0,0.0,0.0
B827EBCBB4B4,2022-02-23,23:46:39,21.23,54.63,2.0,0.0,0.0
B827EB8F4AD3,2022-02-23,23:48:25,26.5,42.84,0.0,0.0,0.0
B827EBC44A3E,2022-02-23,23:50:29,25.54,46.25,0.0,0.0,0.0
B827EBAF88E3,2022-02-23,23:51:35,26.76,41.53,0.0,0.0,0.0
B827EB37A814,2022-02-23,23:51:37,23.74,48.54,3.0,0.0,0.0
B827EBCBB4B4,2022-02-23,23:51:40,21.2,54.82,2.0,0.0,0.0
B827EB8F4AD3,2022-02-23,23:53:26,26.5,42.84,2.0,0.0,0.0
B827EBAF88E3,2022-02-23,23:56:36,26.76,41.45,0.0,0.0,0.0
B827EB37A814,2022-02-23,23:56:38,23.73,48.56,3.0,0.0,0.0
B827EBCBB4B4,2022-02-23,23:56:41,21.21,54.78,3.0,0.0,0.0
B827EB8F4AD3,2022-02-23,23:58:27,26.5,42.78,0.0,0.0,0.0
